6.321770150266651
452.6586040775541
108.5952068451445
5.154692632171376
65.34617167330416
4.266480144138884
32.27365086597762
3.049017932532713
2.277696901844244
30.73449197500835
1.633501136616482
1.550836918405499
1.574344243310636
1.557747316293198
4.295833420398043
1.321920365383129
1.304961338795536
1.322330421376949
1.787891831640348
1.159041195235397
1.223762762981437
1.119207177845494
1.115543663624349
4.930044672444069
1.077657055787607
1.044418527069296
3.044944284247172
1.024826877787917
2.958381086540439
0.9984789138971915
0.9509749357238644
0.9657846632486793
0.9398708108994962
0.9300927519393207
0.8746729120298479
1.974181026891003
0.8672919056250747
3.966460153436021
0.8813534605416122
0.8642448831736744
0.8376743117378815
0.8373569037787842
0.8795788534009592
0.8338898888387908
0.8309019254450531
0.7934590337602666
0.8108913702118584
0.7928507373990933
1.40504338452528
0.7863473334796055
0.8594768479020098
0.8341187994603866
0.7842507487558086
0.7551725968681824
0.8014083808462025
0.7489023149067434
0.7817869196126346
0.7729947571807707
0.7872762483296366
0.764433354343116
0.7620760705958576
0.7499330334999822
0.7391386438257169
0.7447081032661504
0.7204391651046743
1.012459271151317
2.815230091161516
0.7536106567285014
0.7335807472012026
0.744087460882068
0.7135999119341516
0.7152832229223475
0.7277081805728017
0.7269590014608617
2.434324896470863
0.7117054784434831
0.7202057789167025
0.7076419711081351
0.7089810350043952
0.7137558625567076
0.6975040865819651
1.673215045572289
1.814208595454335
0.7174524509299141
0.6934213782272631
0.6918701424902693
0.7149167009866733
0.682004055766399
0.6994612788973231
0.6816852957213342
0.6806456298896573
0.695492629722678
0.6841370963586058
0.6729838422309045
0.6776730128296247
1.118798801800623
2.87556825296382
0.6823130974531406
0.6757126844685919
0.6654357889439333
0.6625932975392953
1.054231948128599
2.013408007197994
0.6700235846627041
0.6684756668335556
0.6577423094464381
0.6605236451737764
0.6656774992277872
0.6656455677703425
0.6516340876149657
1.087150289276798
0.6561091060278339
0.6633769451464447
0.6517585011153719
0.6494711005560654
0.6625476464234175
0.6452652239018284
0.6486613091191167
0.9180199909746722
0.6610065092407363
0.6411403505656643
0.6394095646154102
0.652247800029085
0.6368639525137447
0.649836509013893
0.6319723376851039
0.8673972480478973
0.8337358405982718
0.6434935791965647
0.6402055058242664
0.6351699978111954
0.6426339101766958
0.6323741719294391
0.6261178187654242
0.6299008907683834
0.6234067337372498
0.6278677222966075
0.6296719059491647
0.6165077947866303
0.6223331364531922
0.7507816202438833
2.184911010272013
0.6183557757762232
0.627576136212485
0.6176473156538982
0.6167025269147567
0.6200662877282652
0.6189063101551382
0.615283773192536
0.7876713980634849
1.101300113027463
0.6155944254786181
0.617965414597534
0.6138208713934048
0.6099535570384989
0.6064409170860435
0.7027189189059877
0.6985772611445773
0.6184360947824643
0.6073973265148049
0.6159642148183124
0.6041246236101687
0.6045305899342202
0.6530038633151158
0.6026909951561583
0.609497316738587
0.6023947857077908
0.6014244176225789
0.6145590177583313
0.6014958318097754
0.5991068530049385
0.6152368695993211
0.5970833176783883
0.9191094544719434
0.5887042347980704
0.6196448913041374
0.5899081135055487
0.9673923833949944
0.5908269423326574
0.599550032814426
0.5877138263687894
0.7059059735288404
0.5924807170946462
0.5958547101200158
0.5851517522897685
0.5913650093579595
0.5875914921086677
0.5868169581272885
0.5880596696174549
0.5842138922125459
0.5864756859501371
0.7461563122749455
0.5834613746884243
0.6026878011074323
0.5803071599061881
0.580932280784703
0.6018308666334322
0.5764037914089521
0.595671260352472
0.5719603329429829
0.5896000071130545
0.5726614246087495
0.7136134373179606
1.368264241081484
0.5785315833195837
0.5885416273033175
0.5690593223157286
0.5846499885903209
0.5723724763353873
0.5775872580686342
0.5746166554287538
0.7578995607141452
0.6762685929576098
0.5826727284147022
0.5649543369640353
0.5872953159920885
0.5642914036181166
0.6992487583338658
0.5619154242321691
0.5786115130880667
0.5677722268827698
1.457696153659902
0.5650002372921379
0.5797508989466712
0.5611399832492908
0.5621597484962303
0.5812027198557338
0.5591492443097839
0.6428301154808609
1.023433902047109
0.5608906166544361
0.5616440849914599
0.575609074435531
0.5610278601172318
0.5685950156743176
0.560241414235905
0.5602568794118717
0.55988574042239
0.8392591093771793
0.5557241539533441
0.5670617279640513
0.5590344946356025
0.5621097383006639
0.5583377969861834
0.5864084620670673
0.5623439053381256
0.559350696838409
0.5962830869406426
0.5564500769781113
0.5633023856249766
0.5542712996761656
0.553542766980839
0.5514804131411838
0.5644446588356727
0.5563786833807959
0.5597565615661368
0.552824749156074
0.5551275033089687
0.5493374016715769
0.5505595649068394
0.5503079613122857
0.7423908008417892
0.5473136207914286
0.5501247425160894
0.5473931657563403
0.5529682514076071
0.5465613390523455
0.7666074982581577
0.547983289892008
0.5485336882578652
0.7174839420185952
0.5423822511279718
0.5419460552460538
0.5470681439306123
0.5462502447244271
0.5895549841864507
0.6816287077207577
0.5430492788286856
0.5502673640139099
0.5426032691336606
0.5451601509059258
0.5408953882471855
0.5411917582897967
0.5748315260356929
0.5461448976602868
0.5387540984355047
0.6477404920359668
0.535815229201925
0.5407208257122837
0.5386583768459857
0.5407790645422955
0.5391797520756579
0.5367611695897725
0.5372307456269454
0.5429196051326286
0.5394748229357434
0.5320764467615611
0.5450511829458393
0.6646428172616112
0.5346371778160365
0.5395172214818668
0.5368744979889013
0.5332154560499303
0.5479934586647678
0.5303599337906274
0.543975307955517
0.530444711886548
0.6565531259441764
0.5283382249461905
0.5444422468720984
0.5273895466731807
0.5403515124364972
0.530225879352242
0.7305724288363615
0.5256775966350493
0.6038198527729186
0.5279627252015083
0.5279981478799174
0.6207078139623947
0.5266484291694149
0.5346446543231429
0.5267714672860957
0.5364022856545796
0.5241217510014244
0.5253007793618847
0.5356720816056669
0.5252156107926481
0.5318993170282318
0.5261597787865264
0.521786326053391
0.5460604761036465
0.568635854055374
0.5320520607932984
0.5236077115416833
0.5237307591589653
0.5298430936453733
0.5281860226134147
0.5220538845349387
0.5285208969326536
0.5230385187338557
0.5272518612570171
0.5205477083899765
0.5236838537194177
0.5221195042915142
0.6753904379920084
0.5179303988323892
0.678897747285893
0.518489327383249
0.5261339385058976
0.5144209279857306
0.5194152784073879
0.5183296526605174
0.6525854891681091
0.5192192724871261
0.5198794072381339
0.5171590610131414
0.6334729709549407
0.5148585329362682
0.5971573767674889
0.5150811183302073
0.5140164909613107
0.5573210513630869
0.5145424213020782
0.5165801650648046
0.5224638372763476
0.5137622008263334
0.5332030125123679
0.5137136876829385
0.5181745801991482
0.5179661733042266
0.5148862839848902
0.5151177448243912
0.5365839330560158
0.5140781374642422
0.513705356421099
0.5199276053388833
0.5115113748212643
0.5198480866761597
0.5129515624279538
0.5102535847821532
0.5194753560420018
0.5098192488007131
0.5144108526051079
0.5073414729462177
0.6655129607026347
0.5077278893000573
0.5122809012388125
0.5093055695158548
0.5101106842233134
0.5059558787810176
0.5096396643278271
0.5067950835237146
0.5087518242552485
0.6065549728744959
0.6132172408223659
0.5060679807369638
0.5092367840094323
0.5045446924134203
0.6032100452915194
0.5058874246575001
0.5078689984656978
0.5030073896728412
0.5035137926220684
0.5048628833147335
0.6044663110711079
0.5073995003480183
0.5054516580064637
0.5703020831853953
0.502395715098661
0.5292986388832266
0.505498985741757
0.5030777574252758
0.5025917986042989
0.5539153076677772
0.5013030554912408
0.5065530346857546
0.5044677454706836
0.5035170956180085
0.5023182294990093
0.5058849762316203
0.5005594718994453
0.5034079557940953
0.5041533038895436
0.4994967143305749
0.5020337768576866
0.4987179050955032
0.5064915481882463
0.4968095459933687
0.6190257913807529
0.4977821106582814
0.5007996683899083
0.5020693879173477
0.4984161900068605
0.5846643802935321
0.4949943818465141
0.5970075551037748
0.4961394248779845
0.5027794673552881
0.4962645453068685
0.5001359605397704
0.4972480613004959
0.5469386178940283
0.4974945237962465
0.4965322846706238
0.5448129897201304
0.4961232312994496
0.5020137384361882
0.4940373944263126
0.4940194700339944
0.5170492013055157
0.5062057642743689
0.4923050937885549
0.5014172241732331
0.4986753192591993
0.4949428474235366
0.4972943124980749
0.4956160471416797
0.4931244984152329
0.4965886659835554
0.4946959184247481
0.49823263976675
0.4928396003258734
0.4956267753985834
0.4906152682352162
0.4893433192185458
0.4934001884249101
0.4934864552251964
0.4909502567046278
0.5635725218299135
0.5832631465295477
0.492843576833245
0.4926585713194195
0.490394794345425
0.4907426376398107
0.4899425143042606
0.5579452180221676
0.4896604173308138
0.4884302409442599
0.4878368591802155
0.5602047658458984
0.487275138308283
0.5452754641780322
0.4915043291491576
0.4903587285614046
0.4879670376953028
0.486197792566178
0.542620555043944
0.4858239434457861
0.4869744550985031
0.5094005762755187
0.4848547623269033
0.4885949864428458
0.4924228223209484
0.4861613150774281
0.4906865721114064
0.4853545169269767
0.4941958691491709
0.4855624901573947
0.4856620441449135
0.4849739400579675
0.4922472842722434
0.4855609918704619
0.4898595464537133
0.4825239000029767
0.6068587929328435
0.4821914741319381
0.4879840810499623
0.4831518787483528
0.4877820005190718
0.4827221704390582
0.5013096088900089
0.5416129237806355
0.4870254113960282
0.4816727122934341
0.4882748847202201
0.4806766489843812
0.4886499770637536
0.4800669229805332
0.4802454921931869
0.5435673470972333
0.5553831905015312
0.4794958958568002
0.4803978625659422
0.4813410891430842
0.4846503329082519
0.4789494564643902
0.4815766730329691
0.4835862969480551
0.4798259764453661
0.5153154597741894
0.5226863915693805
0.4823162943393892
0.4781223960181483
0.4785351753296057
0.4793505674672623
0.4808042633751504
0.4795794554705435
0.4866376489749853
0.514533354752498
0.4775823497890705
0.4824743036582544
0.4784517930796052
0.4786734629783369
0.4801619276438404
0.4816963041134382
0.4779768154866618
0.4801091124180236
0.4746237968944886
0.4782041879456697
0.4765109736743439
0.4843783529967753
0.5314391725396654
0.4757638984661554
0.4768549514871415
0.4781593417545285
0.481117417482915
0.4764753935780791
0.4790326639360357
0.4769647727410895
0.4778438769233428
0.4744877011857844
0.4838577074323023
0.4829290571056073
0.4788319996803059
0.4743052581325228
0.480737400382217
0.4727106723287252
0.4714765246647721
0.4747890986245067
0.4763674792386511
0.47472163054566
0.4753022298889402
0.4733825889216134
0.5036641402155158
0.4983571090500343
0.4730845665136438
0.4753816251600071
0.4712346784976491
0.4738850965461308
0.4744864723130393
0.4713211141148155
0.4743226509061658
0.4746057499931563
0.4714880369456002
0.473032400116696
0.4681768140419935
0.5121857244149421
0.5156309161931238
0.4726860991092503
0.4730581796170745
0.4684288351730087
0.4669072880591635
0.4985270964524113
0.4958552490172563
0.4692648453687664
0.4702573515139168
0.4695199783719707
0.4740415433283521
0.4675917616001206
0.4725093421502071
0.4684106664628618
0.4760279945831318
0.4669498715588716
0.4675186138896353
0.4761156892627789
0.4660540755250207
0.5116107052288055
0.5186502565582272
0.4680067143668218
0.4657118262950085
0.467650957240459
0.4753101955910141
0.464821900409802
0.4683235968785964
0.4666172340392651
0.4863413531240219
0.5009178958175589
0.4656525941747269
0.4720902396714561
0.4668854029967329
0.4706690546016112
0.4702396060912064
0.4662459055478243
0.4676872004412534
0.4678676031545778
0.4662281131611508
0.4660350804073871
0.4629256189013394
0.4636118580178091
0.4905921831307989
0.5059385616823895
0.4664903534576725
0.4688024822377274
0.4654633238307399
0.4669326799178752
0.4629143897782357
0.470510094690795
0.4979388393740489
0.4640264448785998
0.4624167543977972
0.4644405185072735
0.4651563906428205
0.4626424388663061
0.4644054365144305
0.4614487808590452
0.468121619581884
0.4626000327379503
0.4642303448177896
0.459923610592827
0.4627258093758457
0.4961290392410016
0.487350368202998
0.4624862343498831
0.4618865753006847
0.4616686672987425
0.4606238365804904
0.4771940904647207
0.4771495018049081
0.460906557630625
0.4613736973792207
0.4644706434078281
0.4608813810296186
0.4664886644861057
0.4587594266085087
0.4661956508644165
0.4607956114276572
0.4588482136333851
0.4660656529051765
0.4598964190931756
0.4603725518763775
0.4643485497296985
0.4598826963775646
0.456855116646548
0.4647102864729867
0.4606448712867114
0.4611964175766663
0.4603281632375452
0.4611388399882286
0.4583849160371205
0.4595305036179097
0.4612230794079077
0.4583078112154417
0.4581909076191074
0.456584579060634
0.4900890141384344
0.4611720672827226
0.4564001151265029
0.4554200738859565
0.4573095766381656
0.4585239319016146
0.4585147012666706
0.4574821854397121
0.456755119052028
0.4974486049821301
0.4859184458106374
0.4546262842505663
0.4558691870005245
0.455827194674068
0.4634452430335085
0.4793373468742765
0.4568956411201126
0.459581846581757
0.4535591790732127
0.45461241603555
0.4558691049177127
0.4617778035821774
0.458697854925133
0.4548294819227388
0.4566998313029571
0.4521938005360354
0.4597346052127086
0.453085857572294
0.555060739388519
0.4553867983527462
0.459744133364815
0.4543498603020815
0.4573279369588274
0.4543705530597597
0.4513661752860206
0.4551121316671141
0.4947133611051691
0.450840024001402
0.4575162885473051
0.4546176107700628
0.4558797917073614
0.4509193941947115
0.4582719293270916
0.4580282369655289
0.4539629998297041
0.4696816307597458
0.4530104711310851
0.4584104686764136
0.450041626537992
0.451344373238401
0.4507256435953808
0.4554511883320889
0.4531769032548481
0.4538859029140688
0.4521208518332829
0.4557302507707536
0.4522440661625952
0.4506296236118899
0.4512156118533155
0.45251054039042
0.4480102810461501
0.4991679132864135
0.4594014477437407
0.4522593421175307
0.4479693872943379
0.4492941288197627
0.4527541357900577
0.4481278287574106
0.4804286406710987
0.4488986856611976
0.4961133638522381
0.4495066142917424
0.4549413414305955
0.4474237226703957
0.4501557837014596
0.4512470303103117
0.4469932749573495
0.4523341374210215
0.4859420126380289
0.4504197915028938
0.448456063421657
0.4492617073268086
0.4525949907335723
0.4522363582579523
0.4465319472825083
0.4501918616673519
0.4476386999996946
0.4718086786818472
0.4446058876780933
0.4523655636120386
0.4487894468550567
0.4508401059595052
0.446738612215916
0.446450960740161
0.4454896954132073
0.448977223246691
0.4463504284118753
0.4480611148597106
0.451968550729993
0.4440207656197297
0.4824771454867784
0.4450833962834394
0.4490224529754345
0.4445287482450584
0.4997219980431939
0.4469981924615057
0.4487079728031635
0.4423189958163189
0.4690654384262938
0.4451800723130511
0.4440732197169891
0.4461232117330056
0.4507057573108012
0.4442478789464122
0.4861805265885535
0.4443728728672212
0.4510456969087944
0.4472562871576462
0.4427773846517211
0.4666582779431496
0.4426347506106381
0.4677633681047915
0.4442701005411052
0.4420847408805306
0.4445054897681948
0.4514707264341068
0.4439807113154585
0.4484124491640276
0.4426772114376811
0.4406562808816206
0.4477979943631836
0.4442298985434192
0.4458010551720598
0.4437476811356421
0.4448672411827316
0.440460257772713
0.4953584206249508
0.4524418769185283
0.442397233025384
0.4455398321667463
0.4401898078532407
0.4416816601164411
0.4436824680160231
0.4395756221283706
0.4567858876818558
0.4623640022374067
0.4412857378189777
0.4424413480369107
0.4416659283402755
0.4436719788610625
0.4391386035048676
0.4518277060248068
0.4446770359911149
0.4401038392482376
0.4379678146783819
0.44245813276879
0.4441839653476073
0.4386090185891605
0.4836754440751059
0.4420654597926923
0.4418670213878015
0.4415807343290539
0.4429536680274847
0.4386706617320399
0.4661851859859512
0.4410869885248471
0.4450877508959322
0.4416332726005455
0.4437023893355286
0.4375716997850088
0.4427465101526373
0.4409032778464356
0.4438036344784059
0.4377129692020656
0.4601540613423651
0.4362934944963858
0.437133290751418
0.4423304233895263
0.4391455221273632
0.4409978447729928
0.4376833281260775
0.4380388130824369
0.4405447168036545
0.4402335104068991
0.4371186659494158
0.4394072770049792
0.4404059293827775
0.4362225794716716
0.4721314177509373
0.4357013042811436
0.4343204856834987
0.4397239981222252
0.4399086733466689
0.435542588902412
0.4773882740296276
0.4607857186901159
0.440103474799765
0.4383424707184908
0.4358542813010829
0.4380665519916606
0.4341380116609467
0.4387744511206249
0.4352147649565659
0.4700878410434959
0.4513102516963658
0.4351540352514354
0.4356023827844503
0.4371837686414397
0.4399935403345354
0.4341843848834986
0.4350884500849983
0.45261918752709
0.4397249633607772
0.4384145591383399
0.4332133715762403
0.4367949933628534
0.43496955714284
0.4376251915671066
0.4330927151233422
0.4403206855301417
0.4366908696746952
0.4390160724925619
0.4333531648902658
0.4360774010580675
0.4373270224484578
0.4350283989641638
0.436232772935772
0.4351668060343337
0.4366150134075488
0.4321798299027769
0.4692410758204766
0.4313457766087857
0.4325125781471701
0.4350316132942967
0.4315278549600663
0.475382745544964
0.4325986680940901
0.4319565914620991
0.4510946061407353
0.4322565804182468
0.4345835913843638
0.4310570712665065
0.4705862740931539
0.4319896124706757
0.4315743685511513
0.4303656353207491
0.4400037261390211
0.4328547455486373
0.4393046465587234
0.4300311707027293
0.4314110011454431
0.4556906165971852
0.4295855920088254
0.4332253164782542
0.4330117318845835
0.4386084413758874
0.4284487122243934
0.4299091353822708
0.4333587784949975
0.4358083063229397
0.4347948560903774
0.4312287731869469
0.4418925739861297
0.4291626845213947
0.4342607077232482
0.4330792658295909
0.4306496268613396
0.4308700646479717
0.4326986187802716
0.4296598388979761
0.4322061401423308
0.4285497667988538
0.4556780872354937
0.4332714181993046
0.4315707418418285
0.4320747147739898
0.4287965864227501
0.4335597224685567
0.4280995915208531
0.4438620885514648
0.4282436217521554
0.4320885974274549
0.4318119840438384
0.4275199585174013
0.4316123162013875
0.4318229088356161
0.4306946076705954
0.4306151847204901
0.430515321298286
0.4275832639049353
0.4544956079825313
0.4391162799750927
0.4270081332234686
0.4267814950447893
0.4259419801830941
0.4276090045168059
0.4390148777259431
0.4261450202015644
0.4284442220615894
0.4305573137604599
0.4297819459872205
0.4265818895865412
0.4289257494355374
0.4270189155674491
0.4263278060323128
0.4303412714219554
0.4301255065883218
0.4304609654186136
0.4251932913058141
0.4303181437190938
0.4292238200516991
0.4283459799907223
0.4241620863448498
0.4599120115660165
0.4273807706012589
0.4295746291361765
0.429350843081286
0.4286831279819702
0.4245315709346513
0.4293427712424819
0.4251115092116333
0.4235410243848563
0.457136704236232
0.4489090910099134
0.4235108992922288
0.4255462489512414
0.4262747721474323
0.4295653213052892
0.4264850615933205
0.4311000869882979
0.4230242377275903
0.4564108331071381
0.4272035989176131
0.4242359710726024
0.4242401480719898
0.426645998665508
0.4304345544448182
0.4261613911125814
0.4255629339522283
0.4235384066107077
0.4360763050468963
0.424839777576377
0.4229344591771604
0.4230943149899458
0.4288476202509276
0.4261348531620981
0.4277059133969208
0.4249620971143289
0.4232315411092396
0.4261793033955829
0.4233523665105504
0.422594992692912
0.4212012061513533
0.4281227569030426
0.4496563868446939
0.4227761665217158
0.429433966900765
0.4230609896575316
0.4253866937548799
0.4217539512395861
0.4265968420402672
0.4217453296278821
0.4234493437494307
0.4255381141682296
0.4207883572761957
0.4536682823163265
0.4409805592093519
0.4205334719080449
0.4202949233269948
0.4232822991912235
0.4282752077539267
0.4219451247223918
0.4234859883328781
0.4227225874091283
0.421376507536029
0.4455363693384091
0.423671900472562
0.4213121105196499
0.4192095719280207
0.4269044664669583
0.423182120126124
0.4257982316717907
0.4199958825323462
0.4382497463886743
0.4232602017489145
0.4219598932440054
0.4199691384480921
0.4212277818499999
0.4189725953738499
0.4284326367928974
0.4193966395587493
0.4198822935338106
0.4218668834757306
0.4281383566261814
0.4180722178332139
0.4553197845536974
0.4188781850425802
0.4238857028367515
0.4231491978689469
0.4228017747542415
0.4223225983447875
0.4212229669784271
0.4181550370075381
0.4413656033577331
0.4229139062926422
0.4187041715399825
0.420264299122286
0.4176326729878816
0.4189895099405041
0.4183694890949357
0.4211048511005347
0.4225012925542848
0.4207074915229214
0.4245316718332762
0.4204467980422565
0.4202979279691498
0.420068247775408
0.4223815865275775
0.416799816593136
0.4371954133125908
0.4287799025591883
0.4195512475024092
0.4159705338871946
0.41671230841504
0.4192156237847562
0.4208549050952618
0.4174322344722476
0.4222238278646195
0.4239101675267911
0.4178791174555906
0.4213741857130566
0.420546823652506
0.4203212043329865
0.4197446728259593
0.415500121799581
0.4270057919737187
0.4203480226056022
0.4157701889768763
0.4160310669644489
0.4425196670525351
0.4177680130341792
0.414970138478191
0.4252958804121705
0.415480392951427
0.4184815946033504
0.4192542601378016
0.4166620261204572
0.431916246919529
0.4180957863099382
0.4188938947870535
0.4157023112600242
0.4145180989544806
0.4149754577689674
0.4217806137852952
0.418828904224384
0.4207452403666398
0.4180365916346789
0.4150562546387239
0.4178123270861234
0.4186844543647307
0.4136304134631834
0.4404384324383006
0.4159526587165814
0.4159197424513736
0.4190902387733605
0.4139427411993173
0.416375338331558
0.4184342340098552
0.4125296260036062
0.4390511161619892
0.4131708209484215
0.4441454844282695
0.4186498148872966
0.4142442814255545
0.413070435269963
0.4125787054555123
0.4153281981804324
0.4333785091781781
0.4153663932161613
0.4149638779006729
0.4159511353003583
0.421708832164014
0.4120791615348045
0.4155070341648893
0.4216682498836154
0.4122808395993427
0.4152249943309405
0.4176873012723709
0.4110469998306891
0.4192096311384342
0.4148510174588191
0.4154181758668934
0.4149330116423547
0.4171977129335587
0.4108866151972521
0.4483148908165853
0.4262398802002652
0.413162791207164
0.4109894369221515
0.4150920217840838
0.4114735590930836
0.4111905461572118
0.431937263285431
0.4161463013108244
0.412336690550384
0.416556289807125
0.4152838183907375
0.4126280167512282
0.4114194338022971
0.4101336124654096
0.4306011502690175
0.4112669639376014
0.4106292263606219
0.4376760031040525
0.4153406056755299
0.4152760116735303
0.4135270835043456
0.4143077762257498
0.4093937579649505
0.4252101717434134
0.4097119636430828
0.4101981571339413
0.4370259864284314
0.4132527689824794
0.4139996656657019
0.409250534273742
0.4157980703556382
0.4097803392481776
0.4149855940508589
0.4135714428560194
0.4157972206329115
0.4100294947856011
0.428902747703976
0.408894569289088
0.4094803591785868
0.4125127588920615
0.4128889538481676
0.4153033962501956
0.412487855765991
0.410039430533129
0.4117190129765246
0.4117325247567992
0.4167674735678349
0.4073027287642002
0.4354881246718441
0.4107162121069745
0.4094375376414834
0.4093060306488494
0.4135828549941587
0.4112501606336202
0.4162926553888135
0.4079018124495135
0.4200454739025314
0.4076857598001382
0.4118300976448702
0.4112827206512605
0.4108954371888764
0.4082251728242614
0.4376841277834582
0.4109298229224172
0.4105684650704506
0.4069296969667453
0.420643660466993
0.407354686887943
0.4294822226709225
0.4075339433240843
0.4077662860446334
0.408887891285834
0.4111936673655317
0.4075327824064725
0.4125372307139637
0.4072875519952399
0.4114395855613711
0.4124842877719576
0.4071507263066043
0.4075614931613218
0.4093629415901722
0.4149391645615035
0.4059858798833396
0.4346535008570001
0.4192709329813284
0.4076087517140081
0.4113259512958687
0.4104953321027518
0.4051333437831992
0.4253176461605497
0.4156344790001147
0.4076027771041357
0.4098299730447832
0.4066721339451704
0.4068032313481128
0.4049273800595822
0.4130558361817825
0.4091081181061266
0.4121346399508059
0.4053585312302572
0.4274384658313748
0.4086487689753764
0.4121216389694398
0.4045347601840001
0.4048277707775938
0.428883585922337
0.4182178434520514
0.4049331136700182
0.4082653551519295
0.408114111820605
0.4073668021899676
0.4080941249635598
0.4107772250386837
0.4042872472935315
0.4047485394082713
0.4277762353184813
0.4091548297172174
0.4038045431980335
0.4060604981597293
0.4059213785153102
0.4046590483553252
0.4093205675565827
0.4088773154011663
0.4041433104171805
0.4211004192382806
0.4094922621142507
0.4083795831714372
0.4036783454205326
0.4057526368015896
0.4071921846220674
0.4108273547972048
0.406868365093724
0.4065197235646634
0.4026961169550634
0.4320739134679465
0.4068953431872503
0.4099075011353747
0.4060437850266221
0.4040170844104467
0.4024615934944948
0.4086621150147299
0.4028160323073078
0.4269933106331041
0.4039299905431746
0.4067331985326423
0.4087298347748357
0.4023370400491537
0.4063585594068357
0.4035963484445344
0.4027374601154532
0.4070965661206405
0.4025700922522897
0.427874665006768
0.410397528691991
0.402190060675903
0.4076909077784757
0.4029753796541569
0.4015252941890846
0.4199105601634925
0.4073089196364506
0.4021565535855922
0.4016829780984708
0.4053455223282889
0.4101727115476297
0.404776597388617
0.4055789564736314
0.4019228397124854
0.4062349689980804
0.4055191864418231
0.4016762203782169
0.4040317264373076
0.4014456335748713
0.406790109447335
0.4018134055850449
0.4068810383122718
0.4045265042174219
0.4049478521828291
0.4010171373446596
0.4042822488307916
0.4045625924141147
0.4007103217661575
0.4061605326908423
0.404717330574192
0.4001051746038089
0.4211053633468589
0.4016331366468135
0.4062195558991817
0.404636384002252
0.4053616869243729
0.4000955945356293
0.4042763109565276
0.4000354067796832
0.3995518377339513
0.4277942487580828
0.4040353982543516
0.4001145653428329
0.4052121612209562
0.4007805187023006
0.399990817741956
0.4029839626090053
0.4031073613058351
0.4002669412122861
0.4144416191961591
0.4049734534968075
0.3995026935966144
0.4040896984965921
0.4045239518343371
0.3991396456543321
0.4017801237889353
0.3992830043973341
0.4151112828632224
0.4029663415345052
0.4014429966458697
0.4022722733077292
0.4006130954312596
0.3994233142586534
0.4037079615941579
0.3984590103829067
0.417821893583177
0.4087220735898309
0.398553640461996
0.398297195199061
0.4002175642028953
0.403792410475456
0.402886620271834
0.3983736165296805
0.4165182105280674
0.403779464151954
0.4024727291298337
0.3976233224659553
0.4038451797402492
0.3988559952188
0.4014483884689839
0.4007944378105216
0.401023498468653
0.3999746477686614
0.3978260887901557
0.4253986585597087
0.4066181334886516
0.3973874462030913
0.3986372116780494
0.4008368251861416
0.3996307053699355
0.3975392056281613
0.4234917098421518
0.4005479981216092
0.3993061042265449
0.3967813967850371
0.4003166593614101
0.4036575393115515
0.3971413777405075
0.3972960621489775
0.4008635591367038
0.409493397507128
0.3971989535215266
0.3973508227471694
0.3976795274620719
0.4003437694190207
0.4039613284641456
0.3963228036303676
0.3961509529078007
0.4166454091763216
0.4001611759914661
0.3971278730694316
0.3996988725200782
0.4050909512661506
0.3992940741126493
0.3994223051634619
0.3956953870738888
0.4022314845312077
0.3961001426642363
0.4151328076760075
0.3999119530076748
0.4022075636729925
0.3953756512336748
0.3995626491306333
0.4021447401214698
0.3951073214625873
0.4222865963452014
0.4056391658578828
0.3955164003233744
0.3953004844783482
0.4011661294074101
0.3957658769801413
0.3993998027822781
0.4011037624772467
0.3987755270404227
0.4003062947343989
0.3947861371481716
0.4151952143147977
0.4012667938979386
0.3958396778193953
0.3955756272425217
0.3964392506060275
0.3947877082867646
0.4040662808076723
0.3971402530934858
0.3945992816928809
0.3959205434532993
0.3989573372231177
0.4001745002357661
0.3988484499255317
0.3940008245280655
0.3996143128230434
0.3953563442762702
0.3974939538200123
0.3976830087642331
0.3938072217939277
0.3952688212583346
0.3980567695843751
0.3946367806296713
0.3949165348615725
0.3940423418390899
0.4143000219388289
0.3971216702520855
0.3951947589199745
0.397080172431535
0.3998044876986102
0.3931897393969985
0.3931227204793209
0.3933070514703438
0.3944324487858457
0.3936645681765101
0.416519122511563
0.4049363321435473
0.3935147765272893
0.3984988567990483
0.3977814527636935
0.3960196122283365
0.400228546220742
0.3932024606105837
0.411317962848796
0.3999689850810986
0.3924660434331955
0.393795678062193
0.3934271174521491
0.3919674381148792
0.4053283788628455
0.3967352690932564
0.3922568005287227
0.3963611137207647
0.3986631522491644
0.3970884501469071
0.3978935112365333
0.3926452592615615
0.3967536717016824
0.3933436645431858
0.3922607507442957
0.3932287181295872
0.3973566944118161
0.396362465168383
0.3918971525179944
0.3926613836043542
0.3918542596495374
0.4096216663025474
0.3977563304120347
0.3961878705305412
0.3969966268803
0.3915699198151792
0.3920829097691427
0.3918316598415005
0.3957008538061493
0.3908152909503404
0.4120620527754753
0.4073644913510428
0.3915899404261515
0.3923040544996704
0.3909835224009284
0.3909879895093571
0.3951467550277739
0.397610865345879
0.3945491946081712
0.3926086916764913
0.390830156644923
0.4103844567067847
0.3963247670815768
0.395389464606866
0.3949260153683167
0.3916632519972065
0.3915518667914628
0.394828950177741
0.3900831189052705
0.4061202285363326
0.3964232587505748
0.3945961259592059
0.3896929962210265
0.3903796742018166
0.395156588217526
0.3908130494965957
0.3904004338181657
0.4166714278466832
0.3935452023691475
0.3894928780400566
0.3905027766132461
0.3944975611819986
0.3929204599748611
0.3979436255927433
0.3895802151371228
0.4111525929953568
0.3891119297869008
0.3933061473331401
0.3891728167416155
0.3892479357114798
0.3982729685209412
0.3897090293446595
0.3899608042702621
0.3908295977116785
0.3937642773090332
0.3901017677692762
0.3935153731418377
0.3951860909266376
0.3896078815251411
0.3931949751355066
0.395126263409645
0.3898015112943269
0.3885688293080922
0.4067312401981018
0.3957980682766129
0.388977489582067
0.3942021023179364
0.3935011753900255
0.3883677833800114
0.3935159511061257
0.3932358283519364
0.3876693601035215
0.4021978249623619
0.3936438990602834
0.3928154755199769
0.3909639508573099
0.3889831817825069
0.387864805927672
0.3908797271619088
0.3875938342155125
0.3944597096652676
0.3879522454905997
0.3920366001149189
0.3895817993482892
0.3877043438432348
0.4102286835919646
0.3914772697088745
0.3946548770946263
0.3872900690214516
0.3941308225112015
0.3912743451126509
0.3894862367951031
0.3877297822013986
0.3870305447174827
0.3888867311621683
0.387475425710319
0.4010665720710254
0.3913972619183448
0.3908959494699363
0.3947927139090209
0.3876832341328202
0.3876828959040807
0.3879700367977224
0.3901932657189316
0.3891193933705939
0.3867935694678586
0.4057624725097666
0.3924837133879975
0.3870825860929163
0.3862762547248171
0.3902605318702698
0.3951150618932722
0.3859673334626765
0.3994895743167726
0.3916081729137815
0.3874387132936812
0.3899560891628235
0.3874148930753696
0.3898190543371092
0.3941468904859831
0.3897067889520311
0.3879028155920526
0.3858340311942448
0.3947945216589519
0.3864452014969084
0.3918537784902318
0.3900342416026892
0.3911473253143609
0.386058020483373
0.4090194070272379
0.385584976815097
0.3859449039046285
0.3912594190350513
0.3894730007650914
0.39198486297774
0.3856588270831902
0.4033319226335508
0.3856295927491646
0.3856193361762315
0.3857153960420603
0.3852679421660843
0.3878418755030094
0.3889486751508959
0.3878762971855292
0.3891962859058442
0.3922624821942917
0.3885102064122937
0.3864324185086194
0.3887598052150933
0.3908639871220256
0.3844392049950187
0.4038498156999879
0.3935417063209019
0.3860103908765129
0.384325222005354
0.3906164945869787
0.3883253184702894
0.3899244672539803
0.3844409349558244
0.3989125380922756
0.3899148785019022
0.3853925836235876
0.3859323578689409
0.384900526151112
0.3890960471342044
0.3889041521894773
0.3840871189391013
0.3928852068306579
0.3890714633087525
0.3885515787144611
0.3880942991832694
0.3849253059047268
0.385454355504294
0.3836655238782487
0.389898788144992
0.3843736532726731
0.3875334405509896
0.3904756721106954
0.3840625164746791
0.3833951537182405
0.4019283459282379
0.3834545876281721
0.3901904017329095
0.387507846401767
0.3856248687027197
0.3833271374737601
0.38374662268073
0.3874270387131628
0.3845009427230262
0.3871805318291633
0.3889212595226108
0.3870030717767515
0.3831037014251263
0.3829546940551553
0.3829934727525086
0.4054123949580268
0.3892013504731566
0.3840519429543463
0.383645507595116
0.3826908323202542
0.3952514118316042
0.3884381569914512
0.3830854597393187
0.3878943007933912
0.3870807928899097
0.3823603387966502
0.3866615671629172
0.383791276434759
0.3861051879280004
0.3820973114358348
0.3881936564265541
0.3863891529745116
0.3864236287451562
0.3875627551017529
0.3825314979351215
0.4083525859973149
0.3825160186968662
0.3828805348334956
0.3821086028574558
0.3920823362558226
0.3858583427730826
0.387766746235362
0.3823667224328725
0.3818077374773308
0.4009023925601871
0.3815441345584401
0.3825117604877297
0.38331192626412
0.3817890837124571
0.3848703410826489
0.3846836964886376
0.3849722075112628
0.3888433360304157
0.3807124616807835
0.3984190704017081
0.3926713449578871
0.3811296760136733
0.3862111705830165
0.3826053377705675
0.3844525484034371
0.3837754241480984
0.3846688035406472
0.3872773799958163
0.3806721162775877
0.3965509897249633
0.3875847366087437
0.3810057779189577
0.3811377790336146
0.3848127259215321
0.3867744766000004
0.3813134047065842
0.3803053143421193
0.3919028794524493
0.3813660046113251
0.3847567650318731
0.3857582802935818
0.3833019401765383
0.3811338180900328
0.3846065070028886
0.379587758984516
0.3805519177043752
0.3814467588500228
0.3801409316653288
0.3861265780794323
0.3850757107070957
0.38441639279097
0.3805231611363895
0.3816493277292035
0.380078752805562
0.397130313618792
0.3835685412305739
0.3861933395624391
0.379744296379722
0.3794934638042288
0.3809430752943359
0.3836560362012679
0.3803012206871809
0.3831170165348745
0.3790607420872874
0.3792484916199881
0.3983643124853138
0.3904835942560154
0.3802643144023428
0.3799862335361192
0.3833381841065922
0.3844416722681845
0.3831261658051131
0.3790404804765326
0.3784999267562565
0.3938770971623855
0.3852823655301356
0.3805979673359288
0.3839564226808106
0.3801107940930521
0.382541682751067
0.385637730042778
0.3788459664057702
0.3915546145868418
0.3822123319559281
0.380589766728134
0.3844066453557247
0.3785600602898811
0.3986051820958847
0.3784525412728788
0.3887485363054957
0.378413917294392
0.3841815877583013
0.3827295185611348
0.3835452927454319
0.3785444460469158
0.3824492905125461
0.3834881241547648
0.379023486573457
0.3785909815094117
0.3889857717523544
0.3851403441969083
0.3781808061676517
0.3785114905833473
0.3784253091161869
0.3777202860718127
0.386665972587211
0.3813303834266265
0.3812231465477508
0.3771440080384652
0.3826260741067828
0.3788698667101676
0.3814887409298867
0.3796856948236835
0.3777088797698622
0.3965581376503873
0.3787259610667032
0.3815285980908518
0.3781028183215928
0.3814087893149558
0.383050464349473
0.3777936216472448
0.3811495540318429
0.3829628712811831
0.3765356598011882
0.3999211048642635
0.391182488815315
0.3810145127272628
0.3819246578265118
0.3769557455104839
0.377283752187801
0.3769964715291882
0.3787069961135783
0.3771785004257631
0.3930106291380999
0.3857204559422203
0.3772240065385752
0.3805945994011307
0.3839763733222425
0.3758851598571948
0.3907607272142455
0.3765558694116263
0.3781027567546412
0.3800030387804837
0.3782268163095359
0.3758838392587569
0.3798393378531808
0.3765357809474013
0.3934341376149089
0.3899997799592292
0.380006631708794
0.3826464272939255
0.3752114634809758
0.3781298354007789
0.3801568901058071
0.3770809366594351
0.3761524185890858
0.376375136504846
0.3942330558705636
0.3789425456450111
0.3755694602419386
0.3812880941492072
0.3801828229210164
0.3806748832044098
0.3797901164517536
0.3762256506633842
0.3760175720767931
0.3907472857777965
0.3759507158336123
0.3766104650393174
0.3791072724694952
0.3822606789435574
0.3760102266471659
0.3748715088846646
0.3749827611133358
0.3937611038493103
0.3821417270329766
0.3757328060922314
0.3790782253912756
0.3820168109336132
0.375280335683449
0.3763914892651319
0.3787728617766067
0.3757904366541193
0.3749363602383906
0.3931636484083858
0.3785618841231965
0.3755362209967276
0.3743819989266386
0.3783911866128723
0.3752530798050142
0.3743227244335219
0.374443587382866
0.399023507356113
0.3856657001843735
0.3750067115061029
0.374209085387579
0.3748323993419531
0.3782538711781397
0.3753199466354664
0.3783569126439177
0.3803342177312355
0.3748495246721684
0.3923631013090698
0.3794167333165475
0.3744808514122515
0.3776389545320348
0.3798497517934534
0.3784646437930964
0.3792506919528665
0.3779907672578789
0.3749205258369031
0.3745724114420146
0.3876260515652064
0.379222815909197
0.3742135847649607
0.3740418090161042
0.37335925931596
0.3900665813783128
0.3858333228962927
0.378988959223677
0.3780742513399949
0.3783957152804279
0.3776053270491649
0.3741077415813479
0.3734804539689818
0.3729359196102278
0.38352658301426
0.3821559836355248
0.3728347733054271
0.3740081053854005
0.3732296617909116
0.379191547388978
0.3742840706248192
0.3775906541744189
0.378620679057749
0.3730600001444238
0.3804724101078012
0.3738652123601258
0.373141205002797
0.3772305283892594
0.3728552087663588
0.3730282136280725
0.3917161062159584
0.3785292983712525
0.3736522395803445
0.3768284002595909
0.3784505059419701
0.3766304412579388
0.3722789909667694
0.3774029545182592
0.3728421726740956
0.372993561882442
