2000 iterations computed in 7579.735206 sec. : t_j = 3/(j+0)
Best estimate of Restoration Entropy 
obtained in iteration 1996 with 
a : (pow of x_1, pow of x_2, etc. )  : coefficient 
( 1 0 0 ) : -0.01644232922399893
( 0 1 0 ) : -0.03998556202648595
( 0 0 1 ) : 0.06188635699971309
( 2 0 0 ) : -1.203495019057522
( 1 1 0 ) : 0.1682464866983976
( 1 0 1 ) : 0.05409129061506652
( 0 2 0 ) : -0.4950076241452228
( 0 1 1 ) : -0.1361677812725172
( 0 0 2 ) : 0.3379664559745661
( 3 0 0 ) : 0.1069208771551944
( 2 1 0 ) : 0.04735864633939582
( 2 0 1 ) : 0.2969417032642549
( 1 2 0 ) : 0.0189338865381808
( 1 1 1 ) : -0.3073690433394765
( 1 0 2 ) : 0.08296418501086816
( 0 3 0 ) : 0.01839787601689058
( 0 2 1 ) : -0.3191778473758373
( 0 1 2 ) : -0.01115384491725246
( 0 0 3 ) : -0.07149218814687604
( 4 0 0 ) : 0.3945170928666477
( 3 1 0 ) : 0.4623343970249012
( 3 0 1 ) : -0.02247302998747247
( 2 2 0 ) : 0.2294659113246568
( 2 1 1 ) : 0.06612073104027789
( 2 0 2 ) : 0.273969504650572
( 1 3 0 ) : 0.1404996623366639
( 1 2 1 ) : 0.2244236981860182
( 1 1 2 ) : 0.1891687243876845
( 1 0 3 ) : 0.05568933880662619
( 0 4 0 ) : 1.46279954365474
( 0 3 1 ) : 0.4535982559532292
( 0 2 2 ) : 0.378675004086662
( 0 1 3 ) : 0.08944095015991861
( 0 0 4 ) : 0.8052065776058205
( 5 0 0 ) : -0.01372202446928515
( 4 1 0 ) : 0.04598423139387441
( 4 0 1 ) : -0.1446721539902918
( 3 2 0 ) : 0.05647092407348356
( 3 1 1 ) : 0.04378153358601418
( 3 0 2 ) : -0.007609274874176735
( 2 3 0 ) : 0.1054116921151026
( 2 2 1 ) : -0.0276670413727033
( 2 1 2 ) : 0.06160962735561153
( 2 0 3 ) : 0.05480953747499581
( 1 4 0 ) : 0.2679753999325242
( 1 3 1 ) : 0.1017060874855525
( 1 2 2 ) : 0.05848979113901267
( 1 1 3 ) : -0.26884994112368
( 1 0 4 ) : -0.02449564040701906
( 0 5 0 ) : 0.06716746912855899
( 0 4 1 ) : 0.2105501473999998
( 0 3 2 ) : 0.1590236234930819
( 0 2 3 ) : -0.09102075843492159
( 0 1 4 ) : -0.1538647713359062
( 0 0 5 ) : -0.07662510646639906

p :
1.319069822743691 -0.3776022751514503 0.01700894161692109
-0.3776022751514501 1.385955733127436 0.007635635923336392
0.0170089416169211 0.007635635923336392 0.5936061555868133
852
