1 0 0  -0.0164423
0 1 0  -0.0399856
0 0 1  0.0618864
2 0 0  -1.2035
1 1 0  0.168246
1 0 1  0.0540913
0 2 0  -0.495008
0 1 1  -0.136168
0 0 2  0.337966
3 0 0  0.106921
2 1 0  0.0473586
2 0 1  0.296942
1 2 0  0.0189339
1 1 1  -0.307369
1 0 2  0.0829642
0 3 0  0.0183979
0 2 1  -0.319178
0 1 2  -0.0111538
0 0 3  -0.0714922
4 0 0  0.394517
3 1 0  0.462334
3 0 1  -0.022473
2 2 0  0.229466
2 1 1  0.0661207
2 0 2  0.27397
1 3 0  0.1405
1 2 1  0.224424
1 1 2  0.189169
1 0 3  0.0556893
0 4 0  1.4628
0 3 1  0.453598
0 2 2  0.378675
0 1 3  0.089441
0 0 4  0.805207
5 0 0  -0.013722
4 1 0  0.0459842
4 0 1  -0.144672
3 2 0  0.0564709
3 1 1  0.0437815
3 0 2  -0.00760927
2 3 0  0.105412
2 2 1  -0.027667
2 1 2  0.0616096
2 0 3  0.0548095
1 4 0  0.267975
1 3 1  0.101706
1 2 2  0.0584898
1 1 3  -0.26885
1 0 4  -0.0244956
0 5 0  0.0671675
0 4 1  0.21055
0 3 2  0.159024
0 2 3  -0.0910208
0 1 4  -0.153865
0 0 5  -0.0766251

p :
1.31907 -0.377602 0.0170089
-0.377602 1.38596 0.00763564
0.0170089 0.00763564 0.593606
.655473
