3.043154382482188
1.134310615126824
1.588003497517277
0.6615741336507106
0.3436648138887789
0.386063840654268
0.2895459419545717
0.2852547734945631
0.1092462478144522
0.2990535984090106
0.04824155635494487
0.3411852525391914
0.0869780293354
0.1455222857190023
0.1244203055309443
0.1231817057090583
0.09722518534865632
0.1052460333937996
0.07530772227991717
0.09039403146363134
0.05711129392274178
0.08313346572236402
0.03666634638003713
0.07455926434074955
0.05241468164711843
0.06489821717870614
0.04036959567397369
0.05632500733419243
0.0296820833033612
0.04863610905921945
0.02009932378157581
0.04917885747224726
0.02142881865500496
0.04213282570744348
0.01847086318423258
0.03625509136400173
0.01109126600261517
0.03083095752132536
0.00428624522456067
0.02905684111733586
0.00875568724291842
0.02713509414346305
0.003512040783653358
0.02271232926805355
-0.002060787162770972
0.01856050272596421
-0.007067473425062365
0.01582591926012777
-0.002925090924367157
0.01670741208646909
-0.00763122548028583
0.01318107305650673
-0.01208378794937182
0.009833190260718272
-0.01352429739881222
0.004941029097386251
-0.01260602886431772
0.008731209632359627
-0.01647734611986063
0.005808401990516021
-0.02017212736251189
0.003011286021400106
-0.01842336265548428
-0.003691708382192349
-0.02051065557066056
0.002380520254037011
-0.02379088672295798
-0.0001104175606231328
-0.02662865529390224
-0.01063040211844346
-0.01295825038025655
-0.01079764622082435
-0.02672492081998562
-0.003064795853408353
-0.02956700861070394
-0.005232689629242504
-0.02973176796857302
-0.01457831419777045
-0.01979962422582809
-0.01662976102695168
-0.02241242491468337
-0.01480952309004557
-0.03447735047624384
-0.009748848728128645
-0.03222878301827903
-0.01815423755291168
-0.02558868019088173
-0.01997971395777842
-0.02791256996151842
-0.01972362119307003
-0.03774763950565657
-0.0196866508041213
-0.0283084238601512
-0.02137456246493424
-0.03045777243038156
-0.02301822293404848
-0.03254930914379739
-0.02402511444714261
-0.03952044410025068
-0.02264766392418305
-0.0329024520740509
-0.02417855923157081
-0.03485087941998449
-0.02567280566970181
-0.03675142842292184
-0.0271320876105639
-0.03860633022673837
-0.02618242437818497
-0.03808687061572502
-0.02667248578171239
-0.03895132290984205
-0.02804178235065186
-0.04069207660538993
-0.02938156198122072
-0.04239430210087369
-0.02946073385903858
-0.03944639788413778
-0.02889062064879255
-0.04271263722481089
-0.03015400580698419
-0.0443179509263516
-0.03139215098793163
-0.04345747917638526
-0.03143399180256212
-0.04469375583118623
-0.03080285300950086
-0.04621253077109483
-0.03197540906704122
-0.04706175134183177
-0.03557809202670337
-0.04654210407608811
-0.0314026509780902
-0.0479831568528164
-0.03251621053446324
-0.04939750351277211
-0.0336100403731428
-0.04805882538893336
-0.03813012393992643
-0.04927550768051114
-0.02883501421770907
-0.05033214369727818
-0.03018519429570043
-0.05062388308170879
-0.03938479420486063
-0.04508577452615847
-0.04039932997892565
-0.04637795386018717
-0.03962432288143858
-0.05125934449464548
-0.03373915193133087
-0.05113285616004548
-0.0408840487079698
-0.04782456037591021
-0.04183899354961251
-0.04904018268620847
-0.04194026677270679
-0.05212255428210427
-0.03656271100091513
-0.04921160029022642
-0.04227591033355127
-0.05037682475446281
-0.04317786156365971
-0.05152441846516631
-0.04406674722450082
-0.05265490170075532
-0.04288403894720227
-0.05231460856767439
-0.04343169586094875
-0.05300057419739501
-0.04428614246349483
-0.05408714778096724
-0.0451288421838833
-0.05489393492418781
-0.04382016878875228
-0.05446206486317762
-0.04445981871370819
-0.0555079993420548
-0.04527149876565445
-0.05653966453545728
-0.04607256219334449
-0.05546627724530739
-0.04553155640981577
-0.05689395697952226
-0.04542008062520325
-0.05788887793326619
-0.0461930476552404
-0.05777374939351992
-0.0482039321196186
-0.05747872569348966
-0.0429464998975837
-0.05823297661399518
-0.04390913663747875
-0.05897802369939409
-0.04485966669337516
-0.05777937039367126
-0.05010000692681138
-0.05824547510654293
-0.04532431528941894
-0.05896617209386601
-0.04624360930237986
-0.05959584934660828
-0.05114660557152145
-0.05675240283347421
-0.05177373471377
-0.05888079195372808
-0.04768200508098308
-0.05957078705311403
-0.04829155413313929
-0.05777398753148216
-0.05205520414777043
-0.05863831417305898
-0.05272696315960024
-0.05949283510965908
-0.05238002614187454
-0.0600828804104262
-0.04901122390129353
-0.05972639609615038
-0.05284144420809822
-0.06055555529863993
-0.05348645110125222
-0.06137567868706695
-0.05374932403132959
-0.06057087714387649
-0.04968907248620141
-0.06160285697131734
-0.05358429349226851
-0.06239957034292742
-0.05420458942817935
-0.06318793193745065
-0.054818638752061
-0.06217266212170069
-0.05341783573383441
-0.06353043339283859
-0.05419228392432268
-0.0642970923520349
-0.05478967559426084
-0.06391864240420625
-0.05545110728716041
-0.06357815262231442
-0.05260319828089771
-0.06416431842136583
-0.05335050042180789
-0.06474489152882834
-0.05409044881434394
-0.06391312026173201
-0.05678749318245746
-0.06405641227486941
-0.05452535525088081
-0.06462208233910371
-0.05524617539459725
-0.06518254018193254
-0.05446056646309305
-0.06358751133597412
-0.05805267025834859
-0.06451540563399083
-0.05636751380573241
-0.06506196936724307
-0.05607836199529814
-0.06452509570753545
-0.058947978406374
-0.06521161381800505
-0.05918841548935394
-0.06489077442054292
-0.05772031873338718
-0.0655153796818399
-0.05890389800244183
-0.06618539926399764
-0.05942628449718895
-0.06684948503018728
-0.05994422383042708
-0.06712167174193862
-0.05813977933047337
-0.0671572093189341
-0.05936959619972276
-0.06780583931365558
-0.05987565119752153
-0.06844890454807723
-0.06037753134824564
-0.06787729068492399
-0.05853490145185847
-0.06780322472392658
-0.05854167570533469
-0.06829718085376707
-0.05917107461274168
-0.06878715271568575
-0.05978143097526023
-0.06657117616692998
-0.06081920844665911
-0.06810355928006911
-0.06024821597126712
-0.06858288302091314
-0.06085870077018074
-0.0690584532837305
-0.05998128965150196
-0.06806061196798957
-0.06180779276390092
-0.06838721701234629
-0.06190803068190331
-0.06885274867796221
-0.06128932684522925
-0.0689722662126856
-0.06342022752952925
-0.06819180316039253
-0.06293626408269054
-0.06864771436777345
-0.06255959535753797
-0.06986799078182254
-0.06342855104171247
-0.07044159809698319
-0.06387643706212004
-0.07030059551400258
-0.06385494040001882
-0.07045579564913679
-0.06163938758268955
-0.07089738369802795
-0.06220210706722068
-0.07133578134038626
-0.06276062984991343
-0.07105659182352242
-0.06393417663203216
-0.07070860056709966
-0.06317128697450269
-0.07113846191624174
-0.06371883551282781
-0.07156529923864813
-0.06426240807471517
-0.07178431919941186
-0.06400954633275863
-0.0709482519041239
-0.06466599152523989
-0.07136699218755466
-0.0651991608009207
-0.0717828623712074
-0.06496439556210393
-0.07157620092738093
-0.06563354247423103
-0.07112660590895026
-0.06618203856632365
-0.07153478564266841
-0.06606186801719732
-0.07245079505744151
-0.06680401972379985
-0.07245618184651081
-0.06714876178499429
-0.07128935250607987
-0.06713549609409797
-0.07309972251234104
-0.06505922520906232
-0.0734963970091993
-0.06556459649966961
-0.07311424749079309
-0.0681286447876156
-0.07287237540664238
-0.06599211956080958
-0.07326205410134312
-0.06648848794292522
-0.07364924407745799
-0.06698158410221122
-0.07374864480659304
-0.06816148864301219
-0.07303577657093602
-0.06740107883866087
-0.07341629817186335
-0.06788559681949768
-0.0737944464132102
-0.06836699606419078
-0.0741702510746402
-0.06805186301136584
-0.07315845090563777
-0.06879923962956469
-0.07354968467630879
-0.06927245387260489
-0.07391920313722855
-0.0689805783736348
-0.07434417718589725
-0.06969647952635055
-0.07330824248091078
-0.07016178421754155
-0.07367168360156756
-0.06988897672212818
-0.07529417141641975
-0.06828647334306409
-0.07492596992113854
-0.07102750525398793
-0.07343841290213105
-0.07077375331290509
-0.07503154256944133
-0.06918607193199572
-0.07538584614254085
-0.06963726307192419
-0.07548848419996279
-0.07163594923958355
-0.07478312633953232
-0.07006223470608042
-0.07513184278048746
-0.07050623313072529
-0.07547856378330048
-0.07094760810231288
-0.0758233124959386
-0.07138639093403176
-0.07547542187386425
-0.07080454951556764
-0.07523180582832933
-0.07180306464958774
-0.07557126043939311
-0.07223503542242632
-0.07590882452534392
-0.07147589324144887
-0.07543406050619428
-0.07266125759044295
-0.07531170636210005
-0.07308662509637054
-0.0756441939732509
-0.07228975192876941
-0.07648856126939441
-0.07350500471099702
-0.0750560403431465
-0.07388433325998472
-0.0765065051745617
-0.07182631576450027
-0.07683308826376312
-0.07224215985458987
-0.0769921484989442
-0.07466085394075722
-0.07624454965238286
-0.0726667560572426
-0.07656638332695243
-0.07307648294749491
-0.07688651632303567
-0.07348397300100551
-0.07720496658114612
-0.07388925113293987
-0.07696033159463433
-0.07387326289918777
-0.07662721334149897
-0.07430556858624215
-0.07694114465603319
-0.07470502980524762
-0.07725345764846819
-0.0744565964433006
-0.07689004519750897
-0.07512883248503516
-0.0766716462238699
-0.07552263975742746
-0.07697961224491046
-0.07519414116203249
-0.07785959721273616
-0.07593884111611454
-0.07640632293812144
-0.07632715528217016
-0.07671006274700221
-0.07591847175441202
-0.07803567745528728
-0.07479177093454742
-0.07831591806794624
-0.07711325975030692
-0.07645238706103924
-0.07662699294470116
-0.07775810108235381
-0.07560098632352158
-0.07805544782717683
-0.07597942112000944
-0.07835134183544123
-0.07635594696136555
-0.0782716191559929
-0.07660181114338138
-0.07778921810896705
-0.07676812500113422
-0.07808120950198788
-0.07713962336261448
-0.07837180008415473
-0.0771140941060367
-0.07818091268601646
-0.07755776089271066
-0.07780672479631001
-0.07792436511279804
-0.07809355130550405
-0.07778816995823379
-0.07907817148009444
-0.07833524343150416
-0.0775365017992235
-0.07869708320849594
-0.07781966184584937
-0.07845106033111909
-0.07904385241025474
-0.07727799386341228
-0.07932497658730459
-0.07763578292987289
-0.07902801282571392
-0.07909777438113613
-0.07877056010133077
-0.07804894471206286
-0.07904816177258611
-0.07840219248684144
-0.07932449663327545
-0.0787537753030515
-0.07942970920579262
-0.07906272673417836
-0.07877867156919638
-0.07915965366661859
-0.07905160248563858
-0.0795068509215528
-0.07932330872969234
-0.07951661100016483
-0.07932442484027302
-0.079917526950882
-0.07877534442960971
-0.0802604458374207
-0.07904375965500371
-0.08013707324910635
-0.08015943613481724
-0.08066424862447069
-0.07850331319794346
-0.08100299525483423
-0.07876851711087213
-0.08074795211173602
-0.07990526730468434
-0.07968438105996878
-0.08016868747625283
-0.08001957534698573
-0.0801013411010788
-0.08134476341629487
-0.07963127491552618
-0.08042466033641632
-0.0798916017933522
-0.0807558671732771
-0.08015081425166448
-0.08108560942582244
-0.08040892195057603
-0.08112795887184426
-0.07955292285356386
-0.08149424212951917
-0.07987090800600266
-0.08182012249150056
-0.08012604502399678
-0.0817110813676924
-0.08034478000310186
-0.08222207218595029
-0.07959525036447068
-0.08254418171711858
-0.07984748552544541
-0.08228566762862055
-0.0809213833572216
-0.08129769180647439
-0.08070337850153075
-0.08325404475862924
-0.07957854642139017
-0.0828497573330319
-0.08063918315776186
-0.08202305633682594
-0.0808870062883334
-0.08233834249089661
-0.08105338070757639
-0.08340367997644671
-0.08036645536135517
-0.08273442210667981
-0.08061154074474719
-0.08304617821440852
-0.08085563779797122
-0.08335663510154445
-0.08109875495098767
-0.08318124923398368
-0.08052014974130151
-0.08375557021261959
-0.08057799364142426
-0.08406260272037769
-0.08081847519000679
-0.08372361709707321
-0.08126315085673785
-0.08422736813095999
-0.07945401930863599
-0.08446604620312731
-0.07975790562774154
-0.08422240641631473
-0.08157628967474656
-0.08355607674098403
-0.08162226669401706
-0.08417226559194124
-0.08047645573589041
-0.08440748616083887
-0.08009892835658022
-0.0842205787906109
-0.08155838776286878
-0.08451819452118403
-0.08179146562801753
-0.08481462696952924
-0.08157840284974305
-0.08434286616665615
-0.08009440743192359
-0.08518596617163504
-0.0815316113940473
-0.08547927549130829
-0.08176139193079751
-0.08497963725286284
-0.08146092475489985
-0.08500820064842535
-0.08108702495546916
-0.08523633546672416
-0.08117382569325232
-0.08499816476865862
-0.08213451957456575
-0.08456960274239905
-0.08204498148442424
-0.08479536534017096
-0.08179476558945603
-0.08558460927309169
-0.0812122751931228
-0.08580903371959453
-0.08149803325958244
-0.08547561269563042
-0.08212914215958245
-0.08531720595965436
-0.0818778268426143
-0.08553938605791794
-0.0821606857080186
-0.08576075326137461
-0.0824268198226476
-0.08530090856021533
-0.0828021994680066
-0.08511808855354097
-0.08308210940193156
-0.08533722247469738
-0.0827169106727188
-0.08597339047759656
-0.08345572959386599
-0.08485312527745664
-0.08372106448786537
-0.08576025400870485
-0.08239955671791682
-0.08597683422274738
-0.08267532783958692
-0.08619264177025016
-0.08295008202384624
-0.08590409769670193
-0.08365936798680795
-0.08571192823128682
-0.08332320356913103
-0.08592566103873012
-0.08359527728238464
-0.08613864155003464
-0.08380920972808004
-0.08573110055975175
-0.084219238294649
-0.08551449016778029
-0.08448858229562844
-0.08572540258588535
-0.0842058912523499
-0.08637633116884591
-0.08485565368075559
-0.0852521649926794
-0.08512242140037724
-0.08546109599626539
-0.08465788418505904
-0.08632737698442761
-0.08411379149709819
-0.08653520811612503
-0.0843783593255637
-0.08630608354443148
-0.08510139887959123
-0.08606536326889219
-0.08474470092745029
-0.08627127057538692
-0.08500678286726032
-0.08647647945188042
-0.08512278032695797
-0.08613384229800747
-0.08561584075420109
-0.0858684161628297
-0.08587538749051926
-0.08607170492483224
-0.08561218804877196
-0.08675391382270314
-0.08623581992151613
-0.0856090782233051
-0.0864422351938206
-0.08630444924416825
-0.08550526287251542
-0.08650549857618545
-0.08576115690851294
-0.08670588222417275
-0.08601617493301844
-0.08664012294723733
-0.08628536491875993
-0.08624852534006988
-0.08637331982854285
-0.08644712087283113
-0.08662602820588106
-0.0866450665869633
-0.08653197377931765
-0.08650889202505285
-0.08698467048562775
-0.08618764238533405
-0.08723511026349678
-0.08638384321028086
-0.08690688182123402
-0.08705642379645606
-0.08652914732689371
-0.08673154000399963
-0.08765509417154943
-0.08660355353823718
-0.08688476302699377
-0.0867976691974281
-0.08713180026710832
-0.08699116397916151
-0.08737802057753791
-0.08698736141854091
-0.08758983971671147
-0.08654389727975348
-0.08772861958437772
-0.08673572504138
-0.08797268706303291
-0.08692694671449785
-0.08775862100537651
-0.08681811972310471
-0.08854942580329872
-0.0863517017005373
-0.08850545538349469
-0.08712858319784961
-0.08764441148320112
-0.08731782446775521
-0.0878852465663621
-0.08706785664532135
-0.08889957147827732
-0.08687497455016657
-0.0882341844466793
-0.08706262174538104
-0.08847295902241731
-0.08724968873889588
-0.0887109710138157
-0.0873129593587163
-0.08883358840692235
-0.08681218094259358
-0.0890551112680058
-0.08699769014784048
-0.08928632330298458
-0.08746199200276894
-0.08946356759364893
-0.08576032619312218
-0.0896479740563344
-0.08599512847272645
-0.08968892209821694
-0.08738417299358392
-0.08896235832373378
-0.0875672636410032
-0.08919533532702373
-0.08740450142587164
-0.0895626335630445
-0.08626534161606741
-0.08974625815863496
-0.0871997446472304
-0.08997723088390452
-0.08738076386219995
-0.0900890669299006
-0.08724451779722897
-0.08990522089755604
-0.08655128620701774
-0.09008522626095911
-0.08678048055159387
-0.09026469747526661
-0.0867622978407272
-0.08988522650049613
-0.08746561297155531
-0.08971167650384904
-0.08756083995843456
-0.09021471251779417
-0.08751706568934436
-0.09044094339530295
-0.08769436125204028
-0.09041120110569489
-0.08792728408968808
-0.0900521253487645
-0.08729015833525444
-0.09022841463796144
-0.08751461117703213
-0.09040419166972796
-0.08773839014702711
-0.09057945936411832
-0.08753746349591368
-0.08994606978458453
-0.08807286121218955
-0.09015818888328109
-0.08829486283982491
-0.09033209010398552
-0.08789585616396045
-0.09047093751745439
-0.0886252599218425
-0.08991508065117548
-0.08865607625125815
-0.09049509080044832
-0.08801900732225743
-0.09066735696210532
-0.08823833545266518
-0.09065928563397141
-0.08885789605834382
-0.09025425427966605
-0.08856598986690362
-0.09042520079997091
-0.08878361044942618
-0.09059566554670762
-0.08900059741379163
-0.0907656514050757
-0.0886208141033159
-0.09023924073991085
-0.08932868672703131
-0.09035341455375651
-0.08936343202051428
-0.09091825556030936
-0.08873886681545579
-0.09071308272064227
-0.08996887163712725
-0.09050932021166463
-0.08906450268465504
-0.09067694613713706
-0.08927791270238739
-0.09084410870579451
-0.08949071374710632
-0.09092720063677961
-0.08989780909775175
-0.09043968097674976
-0.08981226275707621
-0.09060560133761325
-0.09002345682368285
-0.09077106778003702
-0.09005286676669827
-0.09076781561524117
-0.09054245194857369
-0.09025672957938896
-0.09064223332374166
-0.09091483924420879
-0.08977426963923152
-0.09107882651801424
-0.08998304283158115
-0.09097767341245577
-0.09097062404248729
-0.09067845540337638
-0.09030255728169606
-0.0908412474078204
-0.09050978424735107
-0.09100360256965467
-0.09071643606508067
-0.09116552318260157
-0.090726899620232
-0.09054017628755373
-0.09122900294413655
-0.09065833233450049
-0.09129681247590299
-0.09129923264796935
-0.09154379891371767
-0.09026343537573961
-0.09174793900574618
-0.09042343502713235
-0.09161898666294493
-0.09106051191584813
-0.09100430595298586
-0.09121987131278164
-0.09120715914334926
-0.09122782257253059
-0.09193634143408658
-0.09082779096672516
-0.09152067504227857
-0.0909860218249513
-0.09172206786975318
-0.09114383997138914
-0.09192291746262088
-0.09130124751732155
-0.09164499122374586
-0.09079978274469092
-0.09242440258281093
-0.09080543564907384
-0.09224637839639194
-0.09142737697379366
-0.09169835056905562
-0.09126718900420705
-0.09293024799537708
-0.09057636117283313
-0.09255701617779893
-0.09119366859612676
-0.09220969859135991
-0.09134865561414635
-0.09240695779935493
-0.09146274092447748
-0.09286404065406356
-0.09096456471361497
-0.09271464739494273
-0.09111848451276999
-0.09291052587730753
-0.09127201360320586
-0.09284540146608705
-0.091308398168234
-0.09329070796202249
-0.09021056786512249
-0.09344348415887838
-0.09037510844399854
-0.09286795749901755
-0.09145119314775063
-0.09306169675669401
-0.09148043093432168
-0.09310591245508582
-0.09069830846473365
-0.093359395303726
-0.0912287950693832
-0.09355180305804173
-0.09137961856502935
-0.09374371538286269
-0.09153006703910022
-0.0934311269313326
-0.09110176437665607
-0.09360648052468656
-0.09091977154621356
-0.09375623239491254
-0.09101270558653907
-0.09352622420800533
-0.09152856034813561
-0.09327727626684779
-0.09159685453869976
-0.09342600616394309
-0.09130752378522788
-0.09400627236681824
-0.09158424626369621
-0.09398854681518332
-0.09195431285363698
-0.09353436531932469
-0.09139791887400056
-0.0936819021068056
-0.09158578881904367
-0.0938290798882131
-0.09177318599798201
-0.0939759005698973
-0.09159013327462151
-0.09358426855140289
-0.09207178007508138
-0.09360532623306278
-0.09223375772713044
-0.0941792038987474
-0.09140079989076344
-0.09401913196905043
-0.09255150370268311
-0.09338467982762355
-0.09251758694328394
-0.09395458668750484
-0.09188525383739782
-0.09409932796248816
-0.09206957789853099
-0.09420014187114989
-0.09275159015904794
-0.09363740863542735
-0.09253870070863718
-0.093781195457602
-0.09272176899103851
-0.09392464117367438
-0.09277783627082647
-0.09405178996939012
-0.09301514578927139
-0.09356091215493595
-0.09319702575841454
-0.0937034447560377
-0.09305630047606256
-0.09426111686410005
-0.09254503711788786
-0.09422976055175614
-0.09359465732242533
-0.0938044493967784
-0.09300948938655401
-0.09394588685200822
-0.09318957509416592
-0.09408699443137636
-0.093369226148874
-0.09422777364868612
-0.09330955424604659
-0.09383863570167816
-0.09366021434460897
-0.09386806334556569
-0.09383872083310207
-0.09400796305550224
-0.09358209171603615
-0.09425507232438846
-0.09412676581641549
-0.09365128914148696
-0.09413053224897655
-0.09410142344988104
-0.09366060770229911
-0.09424026823930026
-0.09383738548182913
-0.09437879511220382
-0.0940137447645325
-0.09415928277130614
-0.09398366309317041
-0.09402551184079566
-0.09429928623434386
-0.09416318722372591
-0.09442911730993359
-0.09427951169225712
-0.09458523637798572
-0.093809990218094
-0.09475981244935422
-0.0939468247489687
-0.09465417874319731
-0.09438765483409234
-0.09430363289514554
-0.09442195063951897
