1 0 0  0.0147302
0 1 0  0.0142762
0 0 1  0.0146378
2 0 0  0.100613
1 1 0  0.0998556
1 0 1  0.100729
0 2 0  0.0991083
0 1 1  0.0999706
0 0 2  0.100844
3 0 0  0.231026
2 1 0  0.230075
2 0 1  0.231276
1 2 0  0.229133
1 1 1  0.230325
1 0 2  0.231525
0 3 0  0.228199
0 2 1  0.229382
0 1 2  0.230572
0 0 3  0.231771
4 0 0  0.386925
3 1 0  0.38586
3 0 1  0.387254
2 2 0  0.384803
2 1 1  0.386189
2 0 2  0.387581
1 3 0  0.383753
1 2 1  0.385132
1 1 2  0.386516
1 0 3  0.387905
0 4 0  0.38271
0 3 1  0.384081
0 2 2  0.385458
0 1 3  0.38684
0 0 4  0.388227

p :
1.08541 0.0412868 0.0328966
0.0412868 0.969273 0.147579
0.0328966 0.147579 0.975181
