9.861453355576748
8.137236319928668
6.110477682476642
7.105202939238769
6.157123338081298
6.316584394404027
6.118694659741882
6.246472308348308
6.130692735824886
6.203595627140961
6.116941865604228
6.178860813858947
6.111492818378152
6.147444080624984
6.111731917069807
6.130047553730276
6.111247560371499
6.12108353885011
6.110846466194295
6.117829178103454
6.118006331974844
6.11032101365621
6.111378422636214
6.12214207080449
6.109644002522518
6.116794625401261
6.110276478600874
6.115515170189175
6.109638626807825
6.113665552923766
6.109197533467871
6.116025155411333
6.108862392932212
6.11498531726997
6.108527524603682
6.113985563347371
6.108230177197006
6.114771203992686
6.109773238150074
6.111382934510387
6.109452694277738
6.110908379800025
6.109156826234997
6.110467721738122
6.108881733744346
6.110064698639068
6.108616176446176
6.109697220790984
6.108644768284185
6.108558356172491
6.110678273051051
6.108358182283571
6.110214210972212
6.108158900953598
6.109792212418678
6.107966158675526
6.111384273455728
6.108629387524508
6.109289451258606
6.108428927646278
6.108998379717393
6.108233664062965
6.108719473777728
6.108043118671272
6.111354821801156
6.108500003226605
6.10870025873592
6.108313679287126
6.108460365306652
6.10813118862564
6.108232835351137
6.110533817762929
6.108254014369249
6.10860686558956
6.108088450747658
6.108373254843961
6.107908207835959
6.109961524577425
6.108178405622819
6.108491840966914
6.108005772538571
6.108275433229721
6.107834677904391
6.108992940706091
6.108319792679991
6.108159870560137
6.108133751021597
6.107982757027774
6.107950914907614
6.109349878737032
6.107976226853406
6.108292787538095
6.107817164543584
6.108025483570335
6.109375770043265
6.107876570189377
6.108272722557226
6.107722331884681
6.107962302831449
6.108219982190756
6.107954092918732
6.107991700568558
6.107797481708261
6.107928362062061
6.108047796021168
6.10795299292335
6.107853357032186
6.107757651818216
6.109583621269725
6.107938107858613
6.107887579213582
6.107752800126335
6.108979252468203
6.107865634145264
6.107958676900442
6.107721897734387
6.107738796591387
6.110963664112762
6.107738719991658
6.10790254458841
6.10759934323722
6.110610289709726
6.10790247321904
6.107725887312134
6.107705528980342
6.110382701968199
6.107734223830461
6.107839231354437
6.107598932380283
6.110215341037668
6.107864226129975
6.107702763185961
6.107673549946205
6.110399203356534
6.107708291864154
6.107786765520398
6.107551134691151
6.111149978965858
6.107804601152992
6.10764249904785
6.108474974096506
6.107840737431182
6.107721659119352
6.107663039960263
6.109202012078049
6.107718291675099
6.107760264554519
6.107564087535883
6.110177568407529
6.107779181297195
6.107637597248387
6.107975813733364
6.107810990036961
6.107701210284617
6.107639739144407
6.109059763810668
6.107695046351872
6.107719863440324
6.107544628650331
6.110315993686045
6.107735640521592
6.107604650114419
6.108507855979433
6.107761789676349
6.107656379459156
6.107595811339753
6.109853258125788
6.107651346467566
6.107659574906395
6.108460530006864
6.107661853584747
6.107702177977681
6.107519275909778
6.110298330347193
6.10770471337026
6.107568767754415
6.108901660153153
6.107720059369115
6.107610590854712
6.107558293185301
6.110475639699879
6.107604670295108
6.107606262775438
6.109443047516461
6.107614470261097
6.107844820436407
6.107675019939995
6.107655358287364
6.107533376298227
6.110011606537848
6.10762657066531
6.107586885610004
6.109043177442905
6.107621550066512
6.107622271871214
6.108279479296265
6.10763251469233
6.107502360851307
6.110246803360488
6.107622144695141
6.107555119805652
6.109392136707172
6.107608150802887
6.107590790268803
6.108722387565091
6.107613056757811
6.107482821359655
6.11215236013549
6.10751003224866
6.111076739587562
6.107541024675807
6.109950409985593
6.10756397236925
6.109120525048314
6.107589976648592
6.108121840800173
6.107612510687797
6.107485453995047
6.111727498969707
6.107515688251736
6.110564891375991
6.107548289938418
6.109374428686242
6.107573760990357
6.108476619538449
6.107599543467868
6.107481875152462
6.111627049153647
6.107512333160009
6.110524936389987
6.107539479468365
6.109525013580265
6.107566222394524
6.10854796897503
6.107586841821221
6.107843885663536
6.107606240528852
6.107487766226068
6.111267847953073
6.10751134816873
6.110403098195607
6.1075325602256
6.109624393451776
6.107553087654829
6.108857922673991
6.107568631606777
6.108351927780401
6.107582992212228
6.107774072662282
6.107595034230335
6.107473409889259
6.11166939222563
6.107486938970276
6.111157665118623
6.107500222446578
6.110639669971602
6.107513000706166
6.110162475708387
6.107525291789583
6.109686477398457
6.107537419817069
6.109222263748029
6.107549052542317
6.108778789972306
6.107560098707954
6.108358685559689
6.107570436636022
6.107965048296283
6.107580072244017
6.10746516027208
6.111697764047172
6.107473851911476
6.11138360006209
6.107481307396218
6.111093398037339
6.10748818824236
6.110824899728782
6.107494432641281
6.110579430485028
6.107500086384683
6.110355619634389
6.107505133831913
6.110153673473025
6.107509614827155
6.109972159875587
6.107513538605419
6.109810645422386
6.107516944131416
6.109667618469192
6.107519854641327
6.109542256078003
6.107522310001775
6.109432977308783
6.107524341831862
6.109338708768064
6.107525991083715
6.109257833075715
6.107527294110718
6.109189132366025
6.107528291922852
6.109131014171102
6.107529022317882
6.109082225735205
6.107529524327208
6.109041286877054
6.107529833802385
6.109007027222102
6.107529985236074
6.108978173729505
6.107530009410179
6.108953742827651
6.107529934048233
6.10893273973883
6.10752978279162
6.108914429600843
6.107529575569412
6.108898116109807
6.107529328448439
6.108883315953367
6.107529054087884
6.10886959627151
6.107528762074699
6.108856679021593
6.107528459460402
6.108844325696862
6.107528151241957
6.108832396718768
6.10752784084497
6.108820774961645
6.107527530531741
6.10880939912125
6.10752722174025
6.108798217093996
6.107526915345917
6.108787204966904
6.107526611853998
6.108776340955368
6.107526311535682
6.108765616274488
6.107526014518896
6.108755021672327
6.107525720847557
6.10874455351005
6.107525430517868
6.108734207251729
6.107525143500336
6.108723980695679
6.107524859752199
6.108713870995359
6.107524579224481
6.108703876266239
6.107524301865655
6.108693994284647
6.107524027623593
6.108684223231743
6.10752375644649
6.108674561148999
6.107523488283329
6.108665006259093
6.107523223084034
6.108655556747422
6.10752296079958
6.10864621089123
6.107522701381975
6.108636966975562
6.107522444784281
6.108627823341675
6.107522190960556
6.108618778355874
6.10752193986586
6.10860983042622
6.107521691456222
6.108600977991198
6.107521445688603
6.108592219524764
6.107521202520887
6.108583553532062
6.10752096191185
6.108574978550465
6.107520723821126
6.108566493147701
6.107520488209203
6.108558095921628
6.107520255037391
6.108549785499131
6.107520024267804
6.108541560535555
6.107519795863332
6.108533419713854
6.107519569787629
6.108525361743977
6.107519346005091
6.108517385362116
6.107519124480835
6.108509489330069
6.107518905180693
6.108501672434587
6.107518688071162
6.10849393348676
6.10751847311943
6.108486271321392
6.107518260293332
6.108478684796428
6.107518049561338
6.108471172792367
6.107517840892537
6.108463734211719
6.107517634256623
6.108456367978467
6.107517429623893
6.108449073037538
6.107517226965205
6.108441848354295
6.107517026251996
6.108434692914053
6.107516827456238
6.108427605721588
6.107516630550448
6.108420585800681
6.107516435507664
6.108413632193677
6.107516242301434
6.108406743961008
6.107516050905805
6.108399920180819
6.107515861295316
6.108393159948506
6.107515673444975
6.108386462376345
6.107515487330262
6.108379826593082
6.107515302927097
6.108373251743574
6.10751512021187
6.108366736988387
6.107514939161374
6.108360281503461
6.107514759752846
6.108353884479756
6.10751458196393
6.108347545122899
6.107514405772677
6.108341262652871
6.107514231157523
6.10833503630367
6.107514058097311
6.108328865322992
6.107513886571246
6.108322748971951
6.107513716558903
6.108316686524764
6.107513548040223
6.108310677268455
6.107513380995501
6.108304720502591
6.107513215405374
6.108298815538987
6.107513051250822
6.108292961701462
6.107512888513152
6.108287158325566
6.107512727173993
6.108281404758321
6.107512567215292
6.108275700357983
6.107512408619312
6.108270044493811
6.107512251368607
6.108264436545798
6.107512095446044
6.108258875904487
6.107511940834763
6.10825336197071
6.107511787518198
6.1082478941554
6.10751163548006
6.108242471879367
6.107511484704338
6.108237094573078
6.107511335175269
6.108231761676483
6.107511186877376
6.108226472638806
6.107511039795421
6.108221226918345
6.107510893914422
6.108216023982297
6.107510749219647
6.108210863306575
6.107510605696595
6.108205744375627
6.107510463331004
6.108200666682265
6.107510322108851
6.108195629727495
6.107510182016322
6.10819063302035
6.107510043039849
6.108185676077734
6.107509905166055
