4.633316097885759
-0.02077390138549554
0.1532416716414313
-0.113020602450157
-0.1884960526927047
-0.2157842850551465
-0.2557069099996856
-0.1802170511493176
-0.2692300555191546
-0.2587170713315434
-0.28042240566032
-0.2947945655080827
-0.2553105248586461
-0.3039360023407293
-0.2898357582417519
-0.3111071972006594
-0.3186734129021421
-0.312901536389929
-0.3254329401110005
-0.3343264367428485
-0.3276219522074608
-0.3391732730612521
-0.3441709249059848
-0.3461753256989628
-0.3492449529215855
-0.3560136608372622
-0.3599963369485762
-0.3590044996195871
-0.3644485141331113
-0.3700240836261307
-0.3731473255809287
-0.3733295092726975
-0.3769389959934641
-0.3820585116249217
-0.3793466746901819
-0.3851409281568697
-0.3884257590578121
-0.3927961986504035
-0.3898239865396128
-0.3955765991791145
-0.3986545728055029
-0.4024401461649798
-0.3996956204088374
-0.4049556296080519
-0.4078706340615772
-0.4111899524617
-0.4099305309930819
-0.4135457277741944
-0.4160616696025884
-0.4191991966866979
-0.4177403321874541
-0.4213693319768664
-0.4238051373814417
-0.4266119388996396
-0.4259156614938693
-0.4286009960216167
-0.4309497909941651
-0.4334813091677254
-0.4340050149714054
-0.4353729564602223
-0.4374737568581739
-0.4398960782749165
-0.4403841311583691
-0.4416530157377612
-0.4436963525926114
-0.4459097812253777
-0.4476916070392837
-0.4475800919526188
-0.449438579180254
-0.4515672032905663
-0.4533777769537936
-0.4531339854960714
-0.4549478906598993
-0.4569133513605682
-0.4585629071413948
-0.4590195824658087
-0.4601675865279583
-0.4619910681443333
-0.4636224220130126
-0.4654214694464617
-0.4638520963927797
-0.4668260003514984
-0.4684428889402458
-0.4701150350014746
-0.4701731009573061
-0.4714598682966773
-0.4729749192576184
-0.4745951052772338
-0.4757495308297013
-0.4756499155598451
-0.4773471063238546
-0.4788702163802269
-0.4802592974432454
-0.4805725995693058
-0.4815349715675498
-0.4829677938922567
-0.4843418235787137
-0.4857601606493695
-0.4846775234475382
-0.4869292745373295
-0.488235483993032
-0.4896144879773693
-0.4897935613910361
-0.4907314333597369
-0.4919736864286398
-0.4933162738979898
-0.4942935241072456
-0.49437696473251
-0.4956057261548546
-0.4968776849068219
-0.4980363331247026
-0.498185918889169
-0.4991093691058832
-0.5003172018734392
-0.5014671382336792
-0.5026644430751701
-0.5018552370514083
-0.5036569761435346
-0.5047602233005879
-0.5059290291456884
-0.5062840595068732
-0.50675658497943
-0.5079672500183462
-0.5090826584592592
-0.5101239010911152
-0.5100090280499684
-0.511073026049008
-0.512138113140953
-0.5131721607123848
-0.5140677737830545
-0.5140769266934978
-0.5150960608820691
-0.5161199942675653
-0.5171317032385777
-0.5168588643774368
-0.5179878054884937
-0.5189733456625835
-0.5199650455400917
-0.5205302434918819
-0.5202544194820602
-0.5206583212249023
-0.5204700357861796
-0.5214791340422269
-0.5223868405088112
-0.5233509136968935
-0.5198574894594075
-0.5188476089134583
-0.5240072119335698
-0.5240716134980203
-0.5228113035235671
-0.5246465007380563
-0.5242136102435293
-0.5254219752760235
-0.5262742684813959
-0.5271668663864808
-0.5277457043477927
-0.5126201972847327
-0.5277775102686038
-0.5279327363905733
-0.5232955901836863
-0.5283037439378154
-0.5277413830444917
-0.5290249458247738
-0.5299191774880136
-0.5277209946237341
-0.526604085057318
-0.5305035972541701
-0.5312859816904326
-0.5310238811736165
-0.4988340192900391
-0.5316174530829113
-0.5127976166835562
-0.5315411807519353
-0.531441935943082
-0.5232797484870999
-0.5320137712153254
-0.5318848193707284
-0.532771195213759
-0.5313221760932888
-0.5307920924001726
-0.5333230471404764
-0.5341100740513166
-0.5344278185237639
-0.5056914593763111
-0.5346309413539412
-0.5344928614859409
-0.5143010291009318
-0.5350825154669961
-0.5269281500491865
-0.5349177822909646
-0.5350889865123184
-0.5354891951937142
-0.5354194363682006
-0.5351466519470234
-0.5360440008456924
-0.5367389232033276
-0.5357282356376795
-0.5348764607075608
-0.537169479209437
-0.5378774178181995
-0.538305812157293
-0.5117286095979581
-0.5383492405707099
-0.5384089093760853
-0.5192021498947695
-0.5388116571465069
-0.5385505202331144
-0.5263518159840719
-0.5391090765401257
-0.5375876936752164
-0.5390745253858311
-0.5391916530958208
-0.5396515138019875
-0.5402851827961862
-0.5370573871722357
-0.5390571177532146
-0.540681020886739
-0.5413264284367487
-0.5405346128835129
-0.5385539020797685
-0.5417579261013545
-0.5423269147933947
-0.5216034217641985
-0.5421819792570949
-0.5424679355948401
-0.5279761381078959
-0.5425985685752752
-0.5430170862712723
-0.5337628255736691
-0.5429683651102336
-0.5430577842861326
-0.5403759983545493
-0.5433839616109954
-0.5431314171509325
-0.5439110140145558
-0.5435251228542763
-0.5430962790417145
-0.5443191884772828
-0.5448988388040085
-0.5454417642001361
-0.5415565475836361
-0.5428289900299155
-0.5458224369611431
-0.5462508768695946
-0.5243289471134693
-0.5462115941813643
-0.5463598927813154
-0.5300865684985614
-0.5465944615216551
-0.5464935671094182
-0.5356338372129714
-0.5469712962810709
-0.546649863808583
-0.5409822207582821
-0.5471384088572644
-0.5472930623645935
-0.5468796643728426
-0.5471272403651097
-0.5476657665005545
-0.5481932198481821
-0.5486895550760043
-0.5446329249985153
-0.5469447240243298
-0.5490441397957762
-0.5495507503534278
-0.5457481195712007
-0.5471725441121243
-0.5498692650880138
-0.5502816072107711
-0.5300762398867691
-0.5502239769817815
-0.5503705747940826
-0.5352058788159324
-0.5505734695348413
-0.550480291040756
-0.5401618420141349
-0.5509179379658229
-0.5506091859113882
-0.5449528815482363
-0.5510631292630271
-0.5512027711660263
-0.5502103200514639
-0.5510510633654262
-0.5515438729296878
-0.5520369555261988
-0.55200454524196
-0.550698229385953
-0.55236651812022
-0.5528236510618753
-0.5525733527655842
-0.5510105334166902
-0.5531271693899742
-0.5535929192645342
-0.5536216278984927
-0.5345825488305912
-0.5539108633570318
-0.5537917476408232
-0.5387480029644852
-0.554224758224386
-0.5544355835756856
-0.5424049102801227
-0.5545068659061432
-0.5545280078720796
-0.5467935258615386
-0.554820399516103
-0.5546364333840259
-0.5510468188889096
-0.55506158178582
-0.5550757650520606
-0.5555401656687388
-0.5527650533446093
-0.5546817264341162
-0.555845302391847
-0.5562785887511252
-0.5536890943495456
-0.5544580016342158
-0.5565748087957854
-0.5569791333903564
-0.5535420335142414
-0.5548946073704245
-0.5572722736611883
-0.5573820851998057
-0.5550196518360129
-0.5575635935623049
-0.5577207969814348
-0.5439381750675492
-0.557851776806032
-0.5578674218918309
-0.5476021612341171
-0.558136635306808
-0.558024660062735
-0.5511645876915426
-0.558418262001684
-0.5581917421066847
-0.5546298318513305
-0.558609322274948
-0.5586813550237039
-0.5584685070839891
-0.5586659074555576
-0.5589604676128275
-0.5593525937148069
-0.558830169869208
-0.5589525449359556
-0.5596023199507476
-0.5600008505254972
-0.5596121611406168
-0.5587082351724857
-0.5602712702720064
-0.5606453599031997
-0.5594547424137806
-0.5591060806810628
-0.5609029323636571
-0.5612836569173969
-0.5597993199227186
-0.5589510846333456
-0.5615462091832657
-0.5619068513027069
-0.5596329810776282
-0.5593497348452521
-0.5620702046828316
-0.5503403687879019
-0.5620502063807635
-0.5621667087068222
-0.5536833781951791
-0.5623101056930498
-0.5622732884581698
-0.5569386011334675
-0.5625672821735993
-0.5623893153763623
-0.5601095190304819
-0.5627747841070965
-0.562792947173186
-0.5631685113989262
-0.5609233758649583
-0.5624893268226607
-0.5634200111574863
-0.5637741333206968
-0.561190717315726
-0.562313106378966
-0.5640196628822202
-0.5637787607429341
-0.5629691899273889
-0.5642477741482352
-0.5646020571716714
-0.5640978404526904
-0.5627821779872713
-0.5648442426861761
-0.5650902064348853
-0.5526710556088064
-0.5650843247638816
-0.5652234886971397
-0.5554844601241368
-0.5653221197070242
-0.5656486982425042
-0.565609921695732
-0.555209641439446
-0.5658856455583636
-0.5657302288058592
-0.5580037671969877
-0.5661013943877702
-0.5634622011627175
-0.5660165884862207
-0.566195216718469
-0.566309277319212
-0.5662498223119456
-0.566296782369368
-0.5665686915003831
-0.5666509891417226
-0.5663523155411758
-0.5667994727228216
-0.5671265981272491
-0.5668659880877248
-0.5661516090895041
-0.5673522868780272
-0.5676621145906208
-0.5663441675113784
-0.5665764315261488
-0.5678867640895788
-0.5682017571868569
-0.565989390461354
-0.566954300525391
-0.5684103098317035
-0.5686931091289527
-0.5670300595395792
-0.5686325643544607
-0.5689480054464168
-0.5686921208412543
-0.5668740878064127
-0.5691656284726085
-0.5689855234490448
-0.558275933093177
-0.5693430223490059
-0.5632933362250875
-0.5692911342907078
-0.5694436061687402
-0.5657847599950201
-0.5695058343274343
-0.5695502359136417
-0.5682205893065594
-0.5697186995591565
-0.5696625632167911
-0.5700152781039953
-0.5682197357434811
-0.5697336096204823
-0.5702260440530728
-0.5705193644249432
-0.5678607034411003
-0.5700977805456223
-0.5707203245356622
-0.5703630995835398
-0.570160400734649
-0.5709286835306748
-0.5712224959623988
-0.5703266872118042
-0.569983952679556
-0.5714267407576363
-0.5717096986444126
-0.5699142448313299
-0.570358953551397
-0.5719133674739809
-0.5721972341995958
-0.5693676958019562
-0.5707542715585607
-0.5723907254625984
-0.5716961465933845
-0.570830796219888
-0.5725921858806244
-0.5727455980139893
-0.5622176372677756
-0.5727921680883947
-0.5728323511143847
-0.5644666336368109
-0.5729905491350633
-0.5729243894165927
-0.5666681851362769
-0.573187360293526
-0.5730214309766057
-0.5688238317380699
-0.5733557125383331
-0.5732889425624823
-0.573297925829566
-0.5734323835735056
-0.5735680679301525
-0.5733729445422786
-0.5734753411173094
-0.5737621478744225
-0.5740377256570529
-0.5733678138439215
-0.5732708521239664
-0.5742281693021924
-0.5744911258265043
-0.572775755041488
-0.5736636476467367
-0.574679299863512
-0.574903956199839
-0.5737329821975166
-0.5748678225212832
-0.5751315089627482
-0.5743858809444706
-0.574101929575133
