5.242543880606573
6.800697898619903
1.378607327702311
0.5532161316588763
1.896870010097041
0.3615070084262311
0.8756625971963183
0.3000768614115573
0.3045200226914089
0.2697589006414016
0.3120531430486593
0.1956125983959602
0.7234376307017247
0.1803498053575133
0.4736013062227991
0.168594277031336
0.150554611462879
0.2966951401193807
0.1388053290391911
0.132295245107076
0.1291823670850775
0.1058410881932928
0.09048467816022843
0.3483695612943074
0.08296304063130933
0.2358483526473329
0.07631459718465666
0.1382587171787311
0.07025339374409323
0.05425446061817912
0.07304368877689926
0.05616316069984306
0.03784089735112556
0.2150137525116311
0.03300375283745366
0.1427448035072429
0.02846884287555729
0.07492939489703199
0.02420002645961505
0.01245806262716992
0.03098776133796965
0.01308056934335955
-4.026422214398195e-05
0.1427439743342003
-0.003669399673398022
0.08839277180422922
-0.007127259909337602
0.03659118988601806
-0.01042940156241162
-0.01288957851144801
-0.01358933813511054
-0.02249025480764388
0.08484461289912737
-0.02542609584307798
0.04033093293373025
-0.0282492156982409
-0.03497103449078792
0.01166568594518758
-0.03762897186412911
-0.0312328790688654
-0.04017586100827936
-0.04738902051933175
-0.05358481723843933
0.05989695749868496
-0.05595831387526284
0.02393223703096314
-0.05830473021013999
-0.01127991398959738
-0.06057874165466853
-0.04421868959482378
-0.06273121031321938
-0.06884376569501616
-0.06417690075134308
-0.06957145407510007
-0.0761500462057792
0.003515808650753183
-0.07817332156387841
-0.02685403692035448
-0.08014256395863784
-0.05641333024251072
-0.08206058694265261
-0.08383025174665937
-0.08387884129643175
-0.08905781470896723
-0.09374878356066207
-0.01496308634377996
-0.09547685648440124
-0.03974477138446852
-0.0972135909250067
-0.06582705717912685
-0.09891036964755606
-0.09081270734040858
-0.1005188515188703
-0.1050940835928481
-0.1051047425481304
-0.1059342729777304
-0.1107899938548568
-0.05122698383642899
-0.1123435478542451
-0.07457281322214326
-0.1138650514647922
-0.09743589858499391
-0.1153558016691993
-0.1185397490211333
-0.116770156958416
-0.1207896542738765
-0.1245796545803987
-0.06318660961788991
-0.1259387246878063
-0.08213176125333677
-0.1273177848056586
-0.1028697892272432
-0.1286715303005369
-0.1226995195508724
-0.1299555635270944
-0.1335939936805061
-0.133696873769062
-0.1344500108296708
-0.138275517906776
-0.08915844621497726
-0.1395365797155375
-0.1081376022593812
-0.1407764381659837
-0.126795712153954
-0.1419957954837106
-0.1436482425663974
-0.1431529157358822
-0.1464232553209461
-0.1496138532333489
-0.09737453071440338
-0.1507336382301911
-0.1128293801498002
-0.1518772580770894
-0.1300541028211057
-0.1530034121234458
-0.1462654241404553
-0.1540717149200539
-0.1570801385819689
-0.1551423067971007
-0.1579212704612253
-0.1610633675916617
-0.1173381193080951
-0.1621246239335692
-0.1333368341856538
-0.1631708220643594
-0.1491062413566122
-0.164202384087303
-0.1629009512166539
-0.1651812179172057
-0.1679283552377007
-0.1706908359388353
-0.1231472539014931
-0.1716427802189961
-0.1363283766568402
-0.1726195922470125
-0.1510654050798026
-0.1735836329171124
-0.1645912840026296
-0.1744980605246959
-0.1769646713345008
-0.1754374868059043
-0.1779616090825122
-0.1805375280094743
-0.1401648722501512
-0.1814176357578071
-0.1533951885546383
-0.1823224346201735
-0.166767315861192
-0.1831803767169169
-0.1776604343963988
-0.1840634514275622
-0.1864239767127606
-0.1852006034057929
-0.1872237572664279
-0.189671298742403
-0.1557455267024275
-0.1905237085745279
-0.1686274631084892
-0.1913663771532672
-0.1800870556697687
-0.192165486872564
-0.191099304039704
-0.1929892722590055
-0.195181100479683
-0.1971064256702744
-0.1959629457342623
-0.1982309856095331
-0.2003796895843424
-0.164958988120639
-0.2011472698404741
-0.1775562770253236
-0.2019326953642122
-0.1879288962024579
-0.2026831970732069
-0.1982822465362015
-0.2034522190974632
-0.2055911188436036
-0.2034405232349119
-0.2061503662092941
-0.2083541904911766
-0.1787301633870197
-0.2090998752632572
-0.1894702701038682
-0.2098120266444838
-0.1983917236479433
-0.2105429042202742
-0.2094536996658678
-0.2112666010742547
-0.2132701519655179
-0.2133356921122322
-0.2138254496695116
-0.2158868157363676
-0.1908917556889351
-0.2165898008158293
-0.2001533962968267
-0.2172612285453377
-0.209344282866093
-0.2179510322162597
-0.2197922745158016
-0.2186344363795656
-0.220517677148386
-0.222369864739403
-0.1903387967571297
-0.2230171075432354
-0.2013324626942326
-0.2236576165730803
-0.2093309239109002
-0.2243165418469967
-0.2193203671668056
-0.2249696253362031
-0.2267608494248604
-0.2226204376472758
-0.2273100854485253
-0.2291489566486512
-0.2023729110574712
-0.2297851133468584
-0.2106274512932975
-0.2303924287978598
-0.2189903684175607
-0.2310177610650636
-0.2284770904174236
-0.2316378300927814
-0.2333308247511949
-0.2307080535340003
-0.2338743681892984
-0.2356105053843793
-0.2117446031784875
-0.2361923892139557
-0.2189418387017574
-0.2367922217108539
-0.2280498796786681
-0.237387209938844
-0.2365712534817983
-0.2379548661033395
-0.2395557283016757
-0.2407398988630409
-0.2400987391787376
-0.2417395220233348
-0.2192269591734783
-0.2423158446923263
-0.227985604207436
-0.242887694155519
-0.2366742204749297
-0.2434551396336085
-0.2439192637605325
-0.2439964295903648
-0.2455021115109806
-0.2470793640605494
-0.2423985091879288
-0.2475124763138148
-0.249116383351622
-0.2253535663567034
-0.2496458952955179
-0.2325170918360979
-0.2501903781525215
-0.2408225694647124
-0.2507308349672095
-0.2478366909766292
-0.2512482443646451
-0.2527117342195868
-0.25155345847958
-0.2531749811575897
-0.2546769746429799
-0.2326013641519316
-0.2552013544307565
-0.2406458823090265
-0.2557220018464583
-0.2481692779477673
-0.2562191051164907
-0.2542085089365438
-0.256732387162165
-0.2581078429936805
-0.2581696027495335
-0.2585933912034522
-0.260004311956308
-0.2613627332008813
-0.2377184727434765
-0.261846804926377
-0.2448901149328453
-0.2623446897746728
-0.2522614730783226
-0.2628216586619083
-0.2578218662394582
-0.2633128095221065
-0.2646523904031474
-0.2617478064333314
-0.2650660369152607
-0.2664378690602806
-0.2449824535057408
-0.2669189482854917
-0.2524296247712048
-0.267396883757197
-0.2588184809221175
-0.2678536915339242
-0.2648689031428901
-0.2683254159816722
-0.2695905501775056
-0.2679691442514174
-0.270023806031599
-0.2713188480636224
-0.2525718459981281
-0.2717813070984453
-0.2595476158221874
-0.2722221781264358
-0.2734478530201542
-0.262815469988551
-0.2738876819953759
-0.2683552601200354
-0.2743406949166335
-0.2753986523764955
-0.2747909169018232
-0.2760167303393279
-0.2770772809187543
-0.2763900187570153
-0.2776428327800447
-0.2636273686969268
-0.2780846250244713
-0.2691485222118675
-0.2785072464792645
-0.2751195083284741
-0.2789437292214562
-0.2801139895767301
-0.2775870175344282
-0.2805052650708853
-0.2817010871844953
-0.2637745454947025
-0.2821296675447936
-0.2699416610551841
-0.2825386013770756
-0.2749720896344061
-0.2829621817937193
-0.2816201785253236
-0.2833833255204095
-0.2844950428772
-0.2833923998076715
-0.2849011906234968
-0.2860368070345538
-0.2862438511592891
-0.2863784797931094
-0.2875373542521329
-0.273956663252648
-0.2879326691617066
-0.2783387537769726
-0.2883411544032386
-0.2847707739454237
-0.2887473709384895
-0.2898349060304152
-0.2868530574046622
-0.2901924569619491
-0.291302095739872
-0.2742549708789932
-0.2917014952274317
-0.2798690623868048
-0.2920828313507891
-0.28468601831888
-0.2924778877314116
-0.2909330141834303
-0.2928708237313455
-0.2939074340880904
-0.2923839074707706
-0.2942783224509928
-0.2953356934460546
-0.2950445804614912
-0.2956506166190097
-0.296728228435802
-0.28370182603748
-0.2970977561589401
-0.2878436126966935
-0.2974796907615581
-0.2939015803389462
-0.2978596413417134
-0.2988749791503014
-0.2957358961078973
-0.2992040586161941
-0.3002386978282565
-0.2841121490849354
-0.300612708912246
-0.289322766885487
-0.3009699980087077
-0.2938773696191825
-0.3013402003516878
-0.2997725949572225
-0.30170854012405
-0.302679189250933
-0.3010260803891041
-0.3030202876167348
-0.3040091377400083
-0.2903198729991017
-0.3043719107692359
-0.2948641019122715
-0.3047177104067934
-0.3056644624000172
-0.2974227264739882
-0.3060097931463504
-0.3026388954764356
-0.3063667305649006
-0.3073182843150173
-0.3042828961778765
-0.3076235276165148
-0.30859208048764
-0.2934900074501803
-0.3089437978866264
-0.2983674897195794
-0.3092799295351879
-0.3026707998447353
-0.3096282787582096
-0.3082547898876569
-0.3099749783922358
-0.3108870174771427
-0.3093602640031619
-0.3112031277814652
-0.3121312531981743
-0.2994048241289309
-0.3124730412868151
-0.3036654058722306
-0.3127989898905113
-0.3083408738246778
-0.3131375955257187
-0.3137882107083376
-0.3134746436891352
-0.3143497523418101
-0.3143845036685931
-0.3146755065534193
-0.3155658617238271
-0.3164398982587509
-0.3012135622969128
-0.3167590371464746
-0.3071387759962154
-0.3170763886444605
-0.3111325003082088
-0.3162378005596249
-0.3174892372199273
-0.3099763920618361
-0.3178037229891825
-0.3158363803428417
-0.318116461100693
-0.3189719607724495
-0.3180993114168764
-0.3192617466769598
-0.3201313593989619
-0.30891456990028
-0.3184860360251931
-0.3205342260905845
-0.3058832905126359
-0.3208408522243883
-0.3116393277009895
-0.3211458169389989
-0.3173531778206189
-0.3154113461392956
-0.3215295447980687
-0.3161629416951373
-0.3218314622404602
-0.3218300881298455
-0.3221317717696434
-0.3229471429507718
-0.3237697430487438
-0.309599786530546
-0.3221257879943131
-0.3227275807425065
-0.3236127753932864
-0.3244389888898645
-0.3140622536150284
-0.3247332805524843
-0.3196069624462563
-0.318644113429857
-0.3251036371423133
-0.3184547645771536
-0.3253950787354145
-0.3239554961101403
-0.3256850281221273
-0.3264668724983633
-0.3260906404059858
-0.3253288273329353
-0.3268262799403451
-0.3248979794834068
-0.3271147428808535
-0.3279068405802533
-0.3165517564957883
-0.3281911753141984
-0.328958933800565
-0.3186657518298155
-0.3292430624534625
-0.3240255402006822
-0.3070373191100022
-0.3295960933372202
-0.3228797654978428
-0.3298775751006486
-0.3281981728199717
-0.3265888359851639
-0.330226853920066
-0.3270453776367144
-0.3305057342087007
-0.3312662426535818
-0.3290581212360881
-0.3315157835488249
-0.3322873420176589
-0.3210803529372264
-0.3311217151575532
-0.332630238215501
-0.3199433959116522
-0.3329039183674047
-0.3251490670851469
-0.3331762635910465
-0.330320678118635
-0.3268304514620732
-0.3335143650320154
-0.3292069119019621
-0.3337842658750949
-0.3343397979587719
-0.3340528709700585
-0.3347794705844778
-0.33550461625809
-0.3234991624998069
-0.3309639156268984
-0.3351229144765808
-0.3353645172772361
-0.3360996314947394
-0.327508727573723
-0.3363634132653692
-0.3325418842361145
-0.3264476817302366
-0.3366910274022035
-0.3314650842808318
-0.3369525078999385
-0.3364616177862554
-0.3372127778694986
-0.337197622442642
-0.336418166068575
-0.3373640966596055
-0.3380600617664443
-0.3383414290732154
-0.3383101753298723
-0.3390158040303407
-0.3308855982000338
-0.3383086101176123
-0.3391602456308986
-0.3296257023976206
-0.3394146141060206
-0.3345108159071701
-0.3396678447677993
-0.3382011745577608
-0.3348215098085419
-0.3397980951889716
-0.3396558677432782
-0.3400489008645685
-0.3407209106536134
-0.3399942845743373
-0.3374234162828498
-0.3408315619262501
-0.3415098140935538
-0.3392847640110248
-0.3417358376094499
-0.3415747989926945
-0.3402877471108114
-0.3418293741402967
-0.3425131527444402
-0.3332388321713831
-0.3427591212066596
-0.3379543129628169
-0.3385816178865166
-0.3428792542496964
-0.3383614741799703
-0.3431229353230969
-0.3430295436416353
-0.3402471912728343
-0.3432444400387335
-0.3433818027567259
-0.3434858840756046
-0.344134148161431
-0.3445729168532027
-0.3418730030806794
-0.3442007973963081
-0.3448579371741225
-0.3350183216517042
-0.3450962090347291
-0.339595216549053
-0.3418410641383595
-0.3452011322281794
-0.3402419299489585
-0.3454372645276079
-0.3444643526106188
-0.3456838075016715
-0.3452936658430794
-0.3443664557998831
-0.34577002429961
-0.3463951322437526
-0.3461956699414408
-0.3466255661304171
-0.3467198458926151
-0.3470987414674068
-0.3363474339157326
-0.3473299858466865
-0.3450394976219222
-0.3475552235119618
-0.3473280875235849
-0.3464303892085621
-0.3476221574281048
-0.3482436752641971
-0.3482219011463941
-0.3484526861758573
-0.348615139296984
-0.3489083771044506
-0.3389353139649312
-0.3491359242629477
-0.3433134764862924
-0.3493625692589609
-0.3476678242711864
-0.3462265471030121
-0.3494434279055752
-0.3486807506120408
-0.3496681337870413
-0.3500657848286923
-0.3500941623069336
-0.3497305250992606
-0.3503298727003023
-0.3509270820897115
-0.341201461120908
-0.3511490658780723
-0.3454751174664281
-0.3475369878148404
-0.3512187922427542
-0.346689326005988
-0.3514389189369182
-0.3505470136441935
-0.3516691892294987
-0.3504857066584486
-0.3511580935656951
-0.3517241797159337
-0.3523062108975001
-0.3528924188664941
-0.3424840854910833
-0.3517103982262433
-0.3529380993903888
-0.3442142970660558
-0.3531539849542891
-0.348382635254763
-0.3532573198003698
-0.3532055758361493
-0.3499440852414288
-0.3534197028853881
-0.3539870515490081
-0.3517075729191963
-0.3542015521389716
-0.3527925219946666
-0.3535270326798137
-0.3542407794479582
-0.3548125264259506
-0.3552597883592727
-0.3550075936086686
-0.3539048831635028
-0.3554054615864273
-0.3471352611583933
-0.3556160422380446
-0.3511941213948195
-0.3554371030324723
-0.3556538246470436
-0.353002103269688
-0.3558627267033084
-0.3564204860192587
-0.3547310848539458
-0.356536389857694
-0.3564386211494183
-0.3566989272271566
-0.3566464737736277
-0.3572083587455576
-0.3507773319039256
-0.35644768614483
-0.3572419443242403
-0.352641587319277
-0.3574469011296939
-0.3565903682264695
-0.3576511490357961
-0.3563657115091469
-0.3580262755423823
-0.3561552120325762
-0.3582233290646754
-0.3587718304207942
-0.3503330238650957
-0.3574675256807187
-0.3588009716448908
-0.3522627451609046
-0.359002148773424
-0.355529563291193
-0.3592133522546787
-0.3588944506832403
-0.3582598541436497
-0.3592515019254273
-0.3597798809689338
-0.3584219930749257
-0.3599777336025439
-0.3605119374076819
-0.3601047881273916
-0.3588572365742682
-0.3605128188332324
-0.3610531157718559
-0.3527605001616294
-0.361250633546856
-0.3565727780604693
-0.3587798834874457
-0.3612728806950259
-0.3585927915204774
-0.3614689294734413
-0.3617324239652184
-0.3608726230218324
-0.3614803931683479
-0.3620006338113912
-0.3625158915166827
-0.3532229575230157
-0.3626945708986771
-0.3625224604561493
-0.3556157847579788
-0.3627156731951047
-0.3593461407043526
-0.3629082608917306
-0.362461595609529
-0.3631104232468447
-0.3619682366403658
-0.3634429409507649
-0.3621219743986446
-0.3636253572525865
-0.3641401950339874
-0.3566682408076614
-0.3629071330285637
-0.3641495236083347
-0.3589408376370993
-0.3643388893649817
-0.3626020833732926
-0.3643549434553335
-0.3643547268854765
-0.3646819635779219
-0.3645427540999934
-0.3650391842084104
-0.3655392274007851
-0.3573359716581077
-0.3638020033777107
-0.3655477216336325
-0.3595909579380487
-0.3657338815038355
-0.3631921419559796
-0.3652397373650449
-0.3657486535860318
-0.3652614070394655
-0.3659335261878363
-0.3664194756886548
-0.366912808473722
-0.3649743329061224
-0.3656258953995101
-0.3668978713808324
-0.3673960858019436
-0.3586068097863548
-0.3675795689533857
-0.3621543779835794
-0.3655794275642121
-0.3675835569172251
-0.3644609073013245
-0.367765781585006
-0.3679712173948686
-0.3679572098377831
-0.3675605357637808
-0.3682567429427149
-0.3675466107053489
-0.368426365563258
-0.3689129634378345
-0.3623955363728499
-0.3684013682657161
-0.3689084923453275
-0.3648965722743229
-0.3690878405790302
-0.3683663842548297
-0.3692666586614926
-0.3683543542579122
-0.3695607687398945
-0.3688749545508689
-0.3697313385680612
-0.3702080126860212
-0.3637954131983654
-0.3691993942300307
-0.3702048931405125
-0.3662231566975684
-0.3703813784668424
-0.3696381263061053
-0.3705573551976659
-0.3691577144068416
-0.3708459332249432
-0.370134012819809
-0.3710172538295881
-0.3714844139039618
-0.365124747806461
-0.3700050536855728
-0.3714822506032849
-0.3674920620623832
-0.3716559764433128
-0.3704340367501282
-0.3718390822383075
-0.3718249262566385
-0.3721142400852069
-0.3706731352431314
-0.3722851499820746
-0.3727437661583886
-0.3690074884975552
-0.3729126356917596
-0.3716032123951316
-0.3716722070139893
-0.3728982930924389
-0.3733524535718585
-0.3732499083666405
-0.3735120088220555
-0.3723703819711149
-0.3737835761574456
-0.3677767212278602
-0.3739537200988429
-0.3710733759376419
-0.3737480724637703
-0.3739442683006427
-0.3735667504249758
-0.3741133377231082
-0.3745588700520254
-0.3750015218360365
-0.3670614820755338
-0.3731312311389201
-0.3749880570499036
-0.3696562007891484
-0.3751556372358854
-0.3729028673170571
-0.3744885020931297
-0.3751483879722373
-0.3753030736905529
-0.375314931861329
-0.3757521679256364
-0.3761688913432475
-0.3760021955756139
-0.368472295870002
-0.3761677393695469
-0.3716830418161954
-0.3763328412221734
-0.3747979538970414
-0.3765069493204711
-0.3755530947426653
-0.3766175723513734
-0.3764932201530692
-0.3769229996128662
-0.377354643562649
-0.3703219369956212
-0.3763039114168566
-0.3773390312125054
-0.3729176905207603
-0.377501788560334
-0.3760760901405611
-0.3776321118680521
-0.3774923384271004
-0.3779158339892843
-0.3768863271189562
-0.3780761683352697
-0.3785035099697632
-0.3784233459359094
-0.3777613565342353
-0.3784723141827749
-0.3789037245514457
-0.3733710905931882
-0.3790644369419758
-0.3764874600366022
-0.3777448037472141
-0.3790492987625302
-0.3790163828514586
-0.3792090587014723
-0.3796288333207029
-0.3792501302895412
-0.3798578269780056
-0.372711881969471
-0.3800166721116061
-0.375794663977207
-0.3801751114704579
-0.378865773539014
-0.3784397033727502
-0.38016381934391
-0.3805776536927227
-0.3797257646919991
-0.3807280802296263
-0.3799487989289656
-0.3809650052900509
-0.3749344901000158
-0.3811216380543889
-0.3779735289601658
-0.3812620304102738
-0.3811036367657991
-0.3805341938149907
-0.3812593708107933
-0.3816661178901636
-0.3820590378907802
-0.3818168852942283
-0.3806601714399575
-0.3820520075295081
-0.3772412407365016
-0.3822064964440039
-0.3802376918936119
-0.3794117808925064
-0.3823940115627731
-0.3799281121875171
-0.3825477094762542
-0.3824457926007119
-0.3827019347159788
-0.3825214803322807
-0.3829210395261617
-0.3833210018599464
-0.3768882534708404
-0.3831159221341514
-0.3832942671054423
-0.3796689623404319
-0.3834462645082574
-0.3826227143513083
-0.3835978965429933
-0.3831224023784497
-0.3838185576011723
-0.3838140822488203
-0.3839671697571408
-0.3843646973107653
-0.3795193991480668
-0.3837882864820401
-0.3843419841330084
-0.3821531767801423
-0.3844919681069565
-0.38488065565584
-0.3836543535496375
-0.3844491151655492
-0.3848564185759412
-0.3852486570734235
-0.3848855411673351
-0.3853881820080212
-0.3857089369036046
-0.3856012550509894
-0.3806986367576943
-0.3857498482024725
-0.3835855297624664
-0.3858980907184288
-0.3857354287409951
-0.3861085021712789
-0.3849685877448832
-0.3862479469621221
-0.3866382229787891
-0.3807869639439438
-0.3863656638492823
-0.386609092903148
-0.3835664749289078
-0.3867557615933921
-0.3864141991009409
-0.3840075632681501
-0.3869328855073296
-0.3861461687157606
-0.3870788417817294
-0.3874592423914074
-0.3872674844216382
-0.3876526492001951
-0.3808882428718823
-0.387797847541452
-0.3837168645054336
-0.3879427124673318
-0.3865357509035183
-0.386742072528472
-0.3879165618874874
-0.3882921204545516
-0.3878442558389263
-0.3884308650797262
-0.3879144106052599
-0.3886312357046987
-0.3838811673438274
-0.3887745995917406
-0.386672167179694
-0.388917641111983
-0.3879442444783869
-0.389115659453637
-0.3881112379121059
-0.3892542258389527
-0.3896280407965697
-0.3840783970964101
-0.3885484489844127
-0.3895977771144609
-0.3868355502984957
-0.3897393589253324
-0.389589964436925
-0.3831047602144053
-0.389910563101491
-0.3893557586130125
-0.390051477529392
-0.3900566128106255
-0.3902417843983508
-0.3906067183647668
-0.3842024222285079
-0.3907469292141785
-0.3869393606166089
-0.3906400864605635
-0.3907130661884866
-0.3897858545637223
-0.390852562032457
-0.3912128107628501
-0.3912260501992249
-0.3912195925965052
-0.3911773663065568
-0.391540673056678
-0.3874136431075841
-0.3916791809010187
-0.3901151331044739
-0.3910119057409442
-0.3918466970872351
-0.3898924897728224
-0.3919845646714309
-0.3914437746772279
-0.3921646640664271
-0.3915874478356995
-0.3923002289762977
-0.3926586473328073
-0.3877178943408306
-0.3920022335698905
-0.3926213898512133
-0.3906451441588272
-0.3927578998780117
-0.393109105021732
-0.3920684487612545
-0.3925590626296487
-0.3930722852661413
-0.3934264203522364
-0.393714126021754
-0.3935544640174145
-0.3935043370667213
-0.3937328262326069
-0.390339331167552
-0.3938681826080834
-0.3929822272581163
-0.3940032517979215
-0.3935616554116363
-0.3941799260288567
-0.3945265515479858
-0.3882736972245437
-0.3946609778805246
-0.3909007762044028
-0.394103835592809
-0.3946228888916568
-0.3938156089618814
-0.3947566578976962
-0.3951023397567611
-0.3950157754786676
-0.3952692022361138
-0.3893592759442237
-0.3954023400625059
-0.3919612716813186
-0.3955352023514621
-0.3945550977155103
-0.3872086503263361
-0.3956950787034971
-0.3943582739521991
-0.3958273526237984
-0.3947888441352854
-0.3959964434692168
-0.3961381161011359
-0.3961233475368419
-0.396467346059379
-0.3924428489399592
-0.3953116744850689
-0.3964276748930317
-0.3953842188367243
-0.3965587030148023
-0.3968694516880584
-0.3967245918305803
-0.3970614789087833
-0.3909625587477921
-0.3971919026761753
-0.3935164448765609
-0.3973220630094926
-0.3960624921240403
-0.3909381953171296
-0.3974787204891685
-0.3958768764909144
-0.3970881628974747
-0.3974377357246485
-0.3977711351475725
-0.3976802293037611
-0.3978969844201319
-0.397901342801112
-0.3980582972350824
-0.3946617347164967
-0.3981869522974352
-0.3971834052927088
-0.3983153510904154
-0.3979725086752048
-0.3984753132410202
-0.3988057199221284
-0.3929174313557358
-0.3989335387331635
-0.3954246244138497
-0.3984773308964975
-0.398892570513083
-0.3983699936106757
-0.399019798325176
-0.3993456751185698
-0.3992717893207076
-0.3995016457767294
-0.3942975958231418
-0.3996283038907558
-0.3967817677290322
-0.3997547156381346
-0.3995644346072444
-0.3999099924888781
-0.3962420298979952
-0.4000359569280493
-0.4003582881830506
-0.397607951648308
-0.3978252171795258
-0.40050922026413
-0.3974312398609547
-0.4006348013820316
-0.3998947018845591
-0.3997446409792231
-0.4005920479824251
-0.4009151438658518
-0.4012343496863575
-0.3958267994515809
-0.4004804670103395
-0.401187563988407
-0.3989537160014276
-0.4013120228025725
-0.4013947494159185
-0.4014362412853689
-0.4005577060238255
-0.4015887432221536
-0.4019054257180593
-0.397399849301959
-0.4020291041309683
-0.3998272573436936
-0.3983081956075076
-0.4021771651232015
-0.3996616483452495
-0.4020534913666181
-0.4021305129917754
-0.4024471783794389
-0.4016771781505457
-0.4025642174171405
-0.4027149373276442
-0.4027105317213466
-0.3990855474936619
-0.402832851919002
-0.4014901333008027
-0.4029549401727908
-0.4028144749490292
-0.4030999505833391
-0.4034112044737536
-0.3977274219994307
-0.4035327705258978
-0.4001186328834718
-0.4032802263870092
-0.4034873523623474
-0.4031593210459863
-0.4036083825662004
-0.4039182762703032
-0.4039387798765959
-0.4040582373898736
-0.3995335699015024
-0.4041787544022866
-0.4019034540606019
-0.4016256004741234
-0.4043230957471181
-0.4017542367144529
-0.4044431265767663
-0.4041168091727947
-0.4045629349675306
-0.4037117856860259
-0.4047044649440841
-0.4050101785560465
-0.4004315272327599
-0.4051294847216887
-0.4027812383241689
-0.4041643373722819
-0.4050848461287646
-0.405388812894965
-0.4047422377248684
-0.4055052280873301
-0.4047968856064841
-0.4056449198230861
-0.4022225072527741
-0.4057632173821649
-0.4045516669847302
-0.4001361745089771
-0.4059049371836781
-0.404412581211103
-0.4060227652707053
-0.4057905767973564
-0.4061576201646467
-0.4064582621841613
-0.4009403809972403
-0.4065756041018349
-0.4032562246035987
-0.4062349602885555
-0.4065285200311215
-0.406325381102592
-0.4066453633840998
-0.4069429096685042
-0.4068179046617542
-0.4070754994446502
-0.4029612402805829
-0.4071918648493359
-0.4052569147131484
-0.4063699536086252
-0.4073312532023108
-0.4051229446657754
-0.407447163794426
-0.4074117264256913
-0.4075628679330352
-0.4065932583627598
-0.4076949119216695
-0.4079904031920666
-0.4039956519856451
-0.4081056392241962
-0.406272286274072
-0.4070246239447619
-0.4080598730907133
-0.4083519376735762
-0.4082885081004535
-0.4084662810171399
-0.4075903449411535
-0.4085973430486428
-0.4059572513090615
-0.4087116392211513
-0.4090018286053596
-0.4072414322377265
-0.4069776114803525
-0.4091381193343722
-0.4071047703368382
-0.4088208819473751
-0.4090878651361762
-0.4093794582527858
-0.4048939794821735
-0.4094928614688843
-0.4091721573952174
-0.4096169379617394
-0.4049553189095088
-0.409729980915772
-0.4100167624265543
-0.406228896105024
-0.4096023279057051
-0.4099663596732734
-0.4093990915164905
-0.4100790579335947
-0.4103665973895013
-0.4100885450644118
-0.4104874482118615
-0.4063622798416855
-0.4105997028251954
-0.4085824417621091
-0.4107117632554307
-0.4102187882987294
-0.4108359427508678
-0.410750412566776
-0.4109437384129414
-0.4112309474733156
-0.4076814673000739
-0.4047291662334134
-0.4113639901151182
-0.4075593798639425
-0.4113746894261736
-0.4113130737579528
-0.4107400718724539
-0.4114240186128997
-0.4117064418780349
-0.4118286269592757
-0.4118241721621933
-0.4078188795169622
-0.411934687090391
-0.4100079647875043
-0.4120450140742631
-0.411967112081286
-0.4121652814177117
-0.4122087062204365
-0.4122721361130778
-0.4125542427872831
-0.4091929843621847
-0.4071377849302544
-0.4126852340177205
-0.4090765749295295
-0.4127947314120211
-0.4112481206571079
-0.4120301352994322
-0.4127459095079161
-0.4130233898970993
-0.4133002265494557
-0.4082514732139773
-0.4124804854669695
-0.4132496807403272
-0.4114046325876717
-0.4133583281193125
-0.4135582215565172
-0.4076997802951441
-0.4134878083345017
-0.4134457230798536
-0.41359605909777
-0.4132943760075156
-0.4137122847894645
-0.4139861724249131
-0.4105761279782523
-0.4140940145292179
-0.4127179763255699
-0.4136934698488062
-0.414044764216662
-0.4143174647950413
-0.414590176750189
-0.4098273190943691
-0.4141160977839475
-0.4145393588320896
-0.4129829354733214
-0.4146463765106863
-0.4149170391286519
-0.4142106946677049
-0.4128940722341301
-0.4150426828225623
-0.4140930397843614
-0.4151494271862748
-0.4141617387420338
-0.4152629764132508
-0.412286908129158
-0.4153692120251359
-0.414399662669553
-0.4152839347014179
-0.4153197981424703
-0.415587870983491
-0.4158565931028664
-0.4116015658945331
-0.4156831165255579
-0.4158057715471771
-0.4147484439368969
-0.4159112073553461
-0.4161773075247033
-0.4159653642121248
-0.413710054498899
-0.4163017611191432
-0.4158534494466997
-0.4164069309679693
-0.4157065752196079
-0.416517573603303
-0.4141095107101105
-0.4166222499318107
-0.416193898222788
-0.4167267583335888
-0.4158527991214966
-0.4168362874621524
-0.4171011441554421
-0.4134968539097224
-0.4171953639638706
-0.4170504762738266
-0.416628469067573
-0.4171543762021194
-0.4174160579690932
-0.4175557883031136
-0.4175245025791028
-0.4140505344609093
-0.4176280263447719
-0.4178888445926011
-0.4152560183527498
-0.4148938832333227
-0.4180117061898136
-0.4151512860695719
-0.4181149731518025
-0.4172092022609131
-0.4175890431753138
-0.4180644525360734
-0.4183257502630399
-0.4185845306610271
-0.4146286154427723
-0.4179298329908456
-0.41853287793647
-0.4178024237839315
-0.4186353870095025
-0.418894814307206
-0.4182548863476603
-0.4189974900471545
-0.4153647328083681
-0.4190996332498955
-0.4174010381760485
-0.4137713384555566
-0.4192207507799736
-0.4173020149944615
-0.4193225435576046
-0.4189547329221319
-0.4194261867354336
-0.4196567629124219
-0.4195237122693359
-0.4197827235070559
-0.4169156563594112
-0.4193382910769745
-0.4197316514462843
-0.4199874044518638
-0.4192152239503661
-0.4200852403381818
-0.4196477160477199
-0.4201895467856772
-0.4176582489334812
-0.4199885783718478
-0.4203091093927913
-0.4175614301405997
-0.4204096253320515
-0.4195701020781382
-0.4205099851186498
-0.4203261989559779
-0.4206116369361476
-0.4208635686919748
-0.4171965781253175
-0.4209635779934347
-0.419195634397592
-0.4195061061669798
-0.4210821223668191
-0.4190997448893272
-0.4211817953651942
-0.4202560114392313
-0.4212816238856071
-0.4214680947589087
-0.4213778029804882
-0.4214693348541825
-0.4214787443798612
-0.4200242330230362
-0.4215778613658011
-0.4218276495858699
-0.4211871572268389
-0.4218513016236092
-0.4217734863354646
-0.4220247480183537
-0.4197068773954831
-0.4221233729104866
-0.4216799980680062
-0.4165754137816904
-0.4222402992519686
-0.4215898374955449
-0.4223385966277134
-0.4215704560534652
-0.4224366399425045
-0.4226833780898645
-0.4193256418653064
-0.4227623156385585
-0.4226315787054363
-0.4224970378395958
-0.4227293357055096
-0.422975203064185
-0.4230175772366647
-0.4230709654462924
-0.4203200019113207
-0.4231683895196
-0.4222721218570276
-0.4210576568104294
-0.4232838715583501
-0.4221843200517394
-0.4233809758374829
-0.4236250583435647
-0.4229016552394242
-0.4237193418968548
-0.4200680320143322
-0.4238161172388494
-0.4220100639128161
-0.4239127481854533
-0.4231025528613639
-0.424007701353961
-0.4242504996288025
-0.4198311284705212
-0.4242622815275328
-0.4241990231670884
-0.4229857365570999
-0.4242951320077666
-0.4242513511431341
-0.4229001160024679
-0.4244091901450666
-0.4246499848739891
-0.424038378983449
-0.424744380490776
-0.4241371534623983
-0.4248388705492057
-0.4227359403330513
-0.4249343478273744
-0.4246534030883851
-0.4234636161057033
-0.4250474991556549
-0.4245690942855953
-0.4251426689267486
-0.4247415858646388
-0.4252350049449389
-0.4254738783969574
-0.4224867250974986
-0.4255687325435561
-0.4243944467882437
-0.4251071570620217
-0.4255183822763816
-0.4257555059352522
-0.4259935113244588
-0.4222841890201239
-0.4253336061640369
-0.4259426448853988
-0.4254077222000388
-0.4260368585625755
-0.4262724189475312
-0.4255506312335795
-0.4263641476769969
-0.4233855442020573
-0.4263643100890251
-0.4264755974062537
-0.4233052434923801
-0.4265693393203981
-0.4251932096170346
-0.426662945690715
-0.4261341764467774
-0.4267526359413813
-0.4269878322334765
-0.4231796073780583
-0.4270811334453612
-0.4264939258009481
-0.4271691362925775
-0.4256000222835774
-0.4272623416713828
-0.4274262313999091
-0.4273520165954318
-0.4275842077570817
-0.4236529567069205
-0.4276771107463521
-0.4255231866795874
-0.4239199722843545
-0.4277867133993354
-0.4254409932150462
-0.4278793259468315
-0.4272510227341391
-0.4279678377819947
-0.4278580898273066
-0.4280567478534653
-0.4282905114123012
-0.4254064651187779
-0.4276217618912037
-0.4282398169009409
-0.4284709080299077
-0.4277753177906805
-0.4285601021536744
-0.427804217283037
-0.4286494430125013
-0.4266239979032549
-0.4255139797162926
-0.4287577817416705
-0.426544577423901
-0.4288493334598582
-0.4283908643784224
-0.4289407549829432
-0.4283570604742115
-0.4290280817147181
-0.4292559157626525
-0.4264984222501136
-0.4293470464589564
-0.4283365257568712
-0.4236692221692988
-0.4294545537021964
-0.4282582010033718
-0.4290477047894037
-0.429403997323244
-0.4296315884801225
-0.4298578949726877
-0.4264006770373432
-0.4292133077144791
-0.4298071184805126
-0.4295317165994108
-0.429897505632354
-0.430108290752041
-0.4299829877684394
-0.4302082670752796
-0.427699655365616
-0.4302983698039597
-0.4295191685606508
-0.4247794257741562
-0.430404662923509
-0.4294435552517211
-0.4304944918738605
-0.4299088830737008
-0.4305789119143343
-0.4308027031774861
-0.4276553613427736
-0.4308922508682679
-0.429465957954474
-0.4297831005693906
-0.430997851188662
-0.4293889808114515
-0.4305671338632289
-0.4309474203696169
-0.4311706118140984
-0.4313338552159269
-0.4312523513879127
-0.4290088346420946
-0.4313413024973899
-0.4308090487595795
-0.4314301305212938
-0.4315888536467205
-0.43151300479573
-0.4317343542886656
-0.4290653962036388
-0.431822907235206
-0.4308578122350002
-0.4297810365912513
-0.4319273398478218
-0.4307837204958322
-0.4320156281401219
-0.4313692895971579
-0.4320975731904598
-0.432317493044663
-0.4290774782325095
-0.4323592567277434
-0.4322671344320896
-0.4321974243171174
-0.4323549833984084
-0.4325740131085374
-0.4324861736315762
-0.432654974891854
-0.4305349974402835
-0.4327425544304008
-0.4323095637483623
-0.4293910025149343
-0.4328458462220285
-0.4322383112520041
-0.4329331666693487
-0.4329917224752831
-0.4330136446501231
-0.4332312158319984
-0.4305740617845557
-0.4333182701317472
-0.432340083205212
-0.4333544704438845
-0.4332690248109184
-0.4334853557741291
-0.4337022269407801
-0.4306502648633113
-0.4325692531200813
-0.4338045711137615
-0.4305793846100436
-0.4337202417481607
-0.4337545923503886
-0.4336879045115132
-0.4338409658381484
-0.434055884299748
-0.4338302277899266
-0.4341350432026946
-0.4320971559512716
-0.434221155932035
-0.4338458226038089
-0.4330339413883846
-0.4343226943799344
-0.4337762323360113
-0.4344085564178575
-0.4343202425356951
-0.4344867659847529
-0.4347007009836039
-0.4321870556787197
-0.4347863053535646
-0.4339273850089289
-0.4346837068762697
-0.4347374340456396
-0.4349497401461139
-0.4351630032406313
-0.4323083433192241
-0.4347939330374564
-0.4351140106083728
-0.4353254217582548
-0.4346802356773019
-0.4346315637503551
-0.4354254706023133
-0.4346076839155506
-0.435510498863207
-0.4351048716369454
-0.435588385697018
-0.4337611724230546
-0.4356730789315167
-0.435484615359206
-0.4357576606484982
-0.4354787176442607
-0.4358340534140447
-0.4360451501732782
-0.4361188416705029
-0.4361205511367791
-0.4346486153640776
-0.4362049197402679
-0.4363640717586788
-0.4327842066288494
-0.4363039863987488
-0.4362944705209664
-0.4363881149651416
-0.4365903314465926
-0.4364647693059831
-0.4354674690122549
-0.4365485697810798
-0.436756507427944
-0.4365075834007879
-0.4364899133089164
-0.4368549756829933
-0.4364371395709101
-0.4369386194235561
-0.4363220555921039
-0.4370145952181819
-0.4372220461172635
-0.4365667612241766
-0.4372719698357377
-0.4371702386092914
-0.4373794279884191
-0.4357798449321288
-0.4374626292042145
-0.4372551774044895
-0.4375377701695594
-0.4377436520249875
-0.4343288455516725
-0.4378266110544606
-0.4360201598715867
-0.4350304302315064
-0.437924014057338
-0.4359523798537364
-0.4378003343848085
-0.4378754704048384
-0.4380811939212262
-0.4382858547294614
-0.4345139279447228
-0.4378683548500026
-0.4382372674092925
-0.4375780009385815
-0.438319605660593
-0.4385241259790305
-0.4379336925020829
-0.4385973259243626
-0.4361796935541729
-0.4386794267414291
-0.4378549069553994
-0.432258814098806
-0.4387758440971327
-0.4377900367181824
-0.4388577171013512
-0.4383842204866317
-0.4389311215462899
-0.4391337926034315
-0.4363842343708968
-0.4392154309481198
-0.4380517196287403
-0.4355695019183257
-0.4393112825085192
-0.4379861222927581
-0.4389114081405801
-0.439263394607724
-0.4394654354756438
-0.4394522249613353
-0.4395372220690247
-0.4380044981207369
-0.4396183615158914
-0.4396629425631113
-0.4396993976152905
-0.4397553356168196
-0.4397717050199361
-0.4399724316387968
-0.4382806795307084
-0.4389659062338616
-0.4400674147315956
-0.4382160845419354
-0.4401481023001043
-0.4398669381516829
-0.4402286875261564
-0.4394668798302876
-0.4403004119901745
-0.4404999856843559
-0.4385046915080943
-0.440323635525651
-0.4404525492210528
-0.4406514439761052
-0.4408403387050248
-0.4407224318543464
-0.4385612280241302
-0.4408025227652231
-0.4402005198870067
-0.435571469223595
-0.4408965712807348
-0.4401387623618973
-0.4409764450481253
-0.4411741237558767
-0.4405417040546178
-0.4412446676926074
-0.4388512178994275
-0.4413243173297878
-0.4404830510134747
-0.438347532792644
-0.4414178292587932
-0.4404207029698086
-0.441497264106505
-0.4409720865609457
-0.4415672167808649
-0.441763901118737
-0.4391279912890509
-0.4418087856335746
-0.4417167303123967
-0.4419124775510136
-0.4415076881746325
-0.4419909469450215
-0.4418449615370057
-0.4420614113095017
-0.4408586707460636
-0.4408173618636697
-0.4421540994555789
-0.4407974026410466
-0.4422328417668629
-0.4424132203907334
-0.4423114864618731
-0.442265232392447
-0.4423804998009047
-0.4425753737722607
-0.4411344158250685
-0.4426538013678205
-0.4422998593731502
-0.4427223119830652
-0.4429167443769618
-0.4398734534910211
-0.4411162102535311
-0.4430086774523003
-0.4398130836053284
-0.4430867776035661
-0.4414181487721658
-0.4427807159560664
-0.4430403506011809
-0.4432327176706148
-0.4432369450639535
-0.4433014260045316
-0.4415701112924375
-0.443379177560953
-0.4435709814376038
-0.4425561262801492
-0.4416037261048043
-0.4436619862826632
-0.442492693222249
-0.443711177253225
-0.4436154997853885
-0.4438078839856254
-0.4418978400579325
-0.4438852191074512
-0.4437311877882124
-0.4439521583261307
-0.4441437940330028
-0.4436673467661376
-0.4442188308729205
-0.4437476434522256
-0.444287719016458
-0.4430940812649293
-0.4430794827193423
-0.4443779460861042
-0.4430318973331171
-0.4444549055128462
-0.4445577527727438
-0.4445222636463593
-0.444711514231427
-0.4418722306264433
-0.444788264831841
-0.4434513357615568
-0.444864922008022
-0.4441721561911702
-0.4449319180163813
-0.4451206749943762
-0.4422796933225634
-0.4425610854429682
-0.4452101888658871
-0.4422185814540831
-0.4450252940661641
-0.4451642247127851
-0.4451978862798365
-0.4452404395152644
-0.4454288093391808
-0.4450326787635548
-0.4454945509448472
-0.4440629441495592
-0.4455705608612293
-0.4456278351894936
-0.4400886315343135
-0.4456594681749315
-0.4455681624355883
-0.4457352824674459
-0.4454356158448012
-0.4458013349432793
-0.4459879503796989
-0.4444270016116794
-0.44606356204612
-0.4454413611564128
-0.4461291872808702
-0.4463154064237295
-0.4432996361477426
-0.4455063205412235
-0.4464036943359898
-0.4432394810515619
-0.4462613020034705
-0.446358215530976
-0.4462043326598955
-0.4464333959020488
-0.4466188947098772
-0.4462596586173659
-0.4466836571154334
-0.4451131361328082
-0.4467586377320884
-0.4466598416375089
-0.4427506113925466
-0.4468463370848196
-0.4466011239038719
-0.4469211271528074
-0.4466569523614552
-0.4469858323476447
-0.4471699807429614
-0.4455035180374924
-0.4472445732436693
-0.4466539597387091
-0.4473088730930806
-0.4474926388022506
-0.444418557894239
-0.4474156603755333
-0.447447770627736
-0.4473470281983105
-0.4431989461984323
-0.447534751539731
-0.4472895808298945
-0.4476089238103175
-0.4477916253215666
-0.4474363584130976
-0.4478554828641371
-0.446238003410067
-0.4479294603259752
-0.4477669110258975
-0.4448911005944112
-0.4480159860874532
-0.4477092077470437
-0.4480897778918892
-0.4478281819293144
-0.4481532055200406
-0.4483349635047397
-0.4466510812949069
-0.4484085626168822
-0.447817407024093
-0.4484716131962053
-0.4486530011736732
-0.4456036002205064
-0.4485651067969454
-0.4486086450109667
-0.4485132354776646
-0.4449497901434176
-0.4486944730042425
-0.4484568197419749
-0.4487676622005602
-0.4489476346566538
-0.4485645982187845
-0.4490106559143591
-0.4474409675467323
-0.4490836551013803
-0.448952445624208
-0.4464803925679512
-0.4491690406250743
-0.4488958183979745
-0.4492418588442987
-0.4489509835152221
-0.4493040686066064
-0.4494835119857473
-0.4478733612067352
-0.4495561422521083
-0.4489332705850597
-0.4496179825533918
-0.4497970680109785
-0.4468616961515552
-0.4496676623619591
-0.4497532274933228
-0.4497515132277674
-0.4461843658264559
-0.4498379349714224
-0.4496961854870598
-0.4499101652464533
-0.450087474897765
-0.449648303729528
-0.4501497184371628
-0.448712689571237
-0.450221763351926
-0.4503773456167615
-0.4502828637717326
-0.4504605075258871
-0.4504826576686627
-0.450530589772467
-0.4503510688820513
-0.4505934128267252
-0.4500699006229194
-0.4475160227399217
-0.4506772150465936
-0.4500123468841544
-0.4507489356023533
