11.8392824967822
0.3580450722459224
2.038323127219765
0.1081940446742342
1.554438996056802
-0.02139202985182435
0.1001052155322698
-0.04152387332564952
-0.1243379780720404
-0.1932681152059286
-0.05942675628022331
-0.226416458097333
-0.2349857801413748
-0.275970538379216
-0.2171750897558637
-0.2867665530055085
-0.3061805359678498
-0.3180199646288466
-0.2788183303301736
-0.3324073689486252
-0.3370679130855315
-0.355208107500639
-0.3581134796261901
-0.3656621885265059
-0.3673772387029564
-0.3747231746063266
-0.3822639421817021
-0.3829095184072268
-0.3865567853531093
-0.3958507186783223
-0.3995971706627955
-0.4073081275026537
-0.4099022507360501
-0.4101998845075819
-0.4143661500751057
-0.4200910573515204
-0.4239494801169828
-0.4290162671630091
-0.4323045644296902
-0.4307238215099835
-0.4358345918337834
-0.4396319958531751
-0.432502602095515
-0.4430304100706123
-0.4446121014165074
-0.449819893469504
-0.4512583797909674
-0.4560851080458273
-0.4572209429606621
-0.4542915231668644
-0.4614686967965999
-0.4613342285441939
-0.4669548521194953
-0.4666968121714914
-0.4719297283869716
-0.4716724790316351
-0.4678589702256981
-0.475989259517802
-0.4743501641715414
-0.4750908181842735
-0.4797812367995531
-0.4800718420116898
-0.4839509622102304
-0.4841900312883279
-0.4878805520821725
-0.4880119910540602
-0.4877474726602073
-0.4907772313294969
-0.491523837976753
-0.4944208381315395
-0.4950676197239773
-0.4978183845413678
-0.4981192722486034
-0.4980024375622872
-0.5008844155986268
-0.4992162532483018
-0.5010250031739307
-0.5033598411086209
-0.5041304173693119
-0.5063861157149461
-0.5070796671672025
-0.5092419133562253
-0.5099051181078573
-0.5103356927307374
-0.5113879494651391
-0.5124407365576371
-0.514087593509317
-0.5150659760633053
-0.5166295664306797
-0.5154512852138595
-0.517304000915932
-0.5189298994452182
-0.5197336605650686
-0.5178246338032093
-0.5208569097607614
-0.5219198464744483
-0.5231701033690173
-0.5241803913426457
-0.5253732427760861
-0.5263585452230781
-0.5274947838829087
-0.5249690173357496
-0.5282400620786272
-0.5291728945812153
-0.530319328779898
-0.5312011285789981
-0.5305159149066517
-0.5321266006203136
-0.533022659980104
-0.5340520066749769
-0.5349048920172704
-0.5337691261508128
-0.535737000446026
-0.5364109262655119
-0.5375676594306881
-0.5382132726155229
-0.5393337130126283
-0.5399432137721312
-0.5410461540448596
-0.5413489539222116
-0.5413023778812767
-0.5425657241462243
-0.5429720421768333
-0.5421918577364878
-0.5440748761160399
-0.5444688194879983
-0.5456536678526298
-0.5460219260106753
-0.5471901586219758
-0.547190584198425
-0.5472814348249571
-0.5485617875705522
-0.5487793477852898
-0.5500300708070918
-0.5502249115141655
-0.5514615896975186
-0.5516289092491713
-0.5528537575205813
-0.5494436184538373
-0.5527753108737428
-0.5508469025345673
-0.5540082602100791
-0.5540496027621565
-0.5553409951017534
-0.55536544877498
-0.5566412238551145
-0.5566494657772032
-0.5579132773299142
-0.5558522150762
-0.5577100886810791
-0.5590376552546201
-0.5589542428855184
-0.5602634490957406
-0.5601602560328924
-0.5614585565873014
-0.561276284775672
-0.5612213876079036
-0.5625425923746216
-0.5606983367019558
-0.5622279651281846
-0.5635823715365487
-0.5633787140395752
-0.5647055576701807
-0.5644943967775763
-0.5658006312169961
-0.5655854245398715
-0.5663478474501623
-0.5667067154777923
-0.5665436037322811
-0.5677767783806353
-0.5676026155364198
-0.5688153830219769
-0.5686383162680851
-0.5685437720970181
-0.5697288832638954
-0.5695923170265929
-0.569740128262479
-0.5706014636364773
-0.5704909268294613
-0.5715911841318823
-0.5714710540963566
-0.5725579248795301
-0.5724297747225218
-0.5735038147862876
-0.573371924806279
-0.5737037675892461
-0.5742981003636227
-0.5741944253693234
-0.5752231637482603
-0.5751131477128875
-0.5761251732527762
-0.5742616223151985
-0.5759673786198571
-0.5769298310710029
-0.5768487244299011
-0.5771243703834386
-0.5776933089064751
-0.5776240405075328
-0.5785581567458333
-0.5784802508412821
-0.5794038619080444
-0.579320625043704
-0.5802327925916677
-0.5801464128350675
-0.5805698952924541
-0.5809359968558008
-0.5808615988107435
-0.5817485349974196
-0.5803709492442484
-0.5816403499624831
-0.582472290733408
-0.582429231711002
-0.5832536920482544
-0.5832052821017399
-0.5840224135902207
-0.5832052989358167
-0.5838670885350516
-0.5846889915698781
-0.5846289342987847
-0.5854407362386274
-0.5853764740578526
-0.5861785650426592
-0.5861126334861436
-0.586903157891113
-0.5854304354749869
-0.5862895139609676
-0.5867162089980624
-0.5874690483135279
-0.5874322967017628
-0.5881788833142096
-0.5881369253772288
-0.5888776941357471
-0.5888298148395641
-0.5895644269691812
-0.5895136205084002
-0.5887086460874268
-0.5901562454368883
-0.590104955024368
-0.5908302565331232
-0.5907764519358241
-0.5914944017575016
-0.5908309887865868
-0.5914127341364032
-0.5920790904237201
-0.592061021245984
-0.591660088498033
-0.5926520196145386
-0.5926251256538095
-0.5932918966239166
-0.5932604486867309
-0.5939214148205063
-0.593885217293294
-0.5945405774947767
-0.5945019938241993
-0.5948340165356387
-0.5950746891144062
-0.5950298819628067
-0.5956842114459251
-0.5954259632355077
-0.5956234307533579
-0.5962235159419496
-0.5962178891604758
-0.5968141908824405
-0.5968044829679997
-0.597397929573212
-0.5967611613399446
-0.5973015496252174
-0.5979111440850503
-0.597879752834894
-0.5984833756340988
-0.5984489354623508
-0.5990463488740678
-0.5990101587284025
-0.5996021788842774
-0.5995649502791236
-0.5977191275186391
-0.5991589040131384
-0.6000328821665609
-0.6000290268730506
-0.6005798794264492
-0.6005717010581011
-0.6011190628501721
-0.6011073883432311
-0.6016512870341166
-0.6016357480009936
-0.6013001245017867
-0.6021170240373575
-0.6020879202319565
-0.6026411652550865
-0.6026095134396141
-0.60315711275178
-0.6031237991423282
-0.6036659121042335
-0.602549094882896
-0.6036189272534767
-0.6032791641953809
-0.60406374471876
-0.6040555117794326
-0.6045648845447424
-0.6045535324059771
-0.605059500290707
-0.6050455106403579
-0.6055475556382586
-0.6055313327632341
-0.6060300010232175
-0.6056256692893787
-0.605935280692252
-0.6064575329822425
-0.6064162011821693
-0.6069337233857592
-0.6063493856767768
-0.6068846737222529
-0.6073501873182892
-0.6073492708464254
-0.6078146326774004
-0.6078105411283889
-0.6069148202356547
-0.6082290897637141
-0.6082045540812889
-0.6086869765248588
-0.6086595719605553
-0.6091389523455519
-0.6091082709800562
-0.6095846191644949
-0.6095522214441081
-0.6095740107082259
-0.6099761001516771
-0.6095590629614751
-0.6099268879910802
-0.6103709543973354
-0.6103638217664998
-0.6108056414170824
-0.6107957211295527
-0.6112354211945983
-0.6112229813839711
-0.6116605577722729
-0.6113967642038108
-0.6115783652207103
-0.6120399962993454
-0.6120011014948024
-0.6124595972682962
-0.6124195205756796
-0.6128736553746469
-0.6128326913534982
-0.6132828356219486
-0.6123831502774857
-0.6131042972170103
-0.6131757013792074
-0.6136035719589015
-0.6135822928476087
-0.6140083024875349
-0.613984807780443
-0.614409118985999
-0.6143824517039961
-0.6148057012921559
-0.6147762459723605
-0.6147240701681919
-0.6151573816415978
-0.6151064929005711
-0.6155485926479177
-0.6154962484168176
-0.6159348704515076
-0.6156910461270504
-0.6158796218044122
-0.6162703033560768
-0.6162596133539784
-0.6166497719372395
-0.616259599096437
-0.6165760413760569
-0.6169932059685244
-0.6169524501470413
-0.6173671973801558
-0.6173248061689081
-0.6177368381296673
-0.6176931301675177
-0.6181029150594665
-0.6180578889166339
-0.617352659788553
-0.6184303984000969
-0.6183080303076607
-0.6183660095976937
-0.6187521078355731
-0.6187248356933999
-0.619109832147944
-0.6190809547854008
-0.619464668126651
-0.6194322584322113
-0.6197189534871066
-0.6197824999824397
-0.6197280424386415
-0.6201333841322958
-0.6200775513455689
-0.6204803834850476
-0.6204233511947695
-0.6208236675207841
-0.6207657363502401
-0.621163694060231
-0.6206254641569056
-0.6205680561108693
-0.6210504168275806
-0.6214311479474013
-0.6213883404355933
-0.6217677169836339
-0.6217233106001361
-0.622101159639092
-0.6220554037696533
-0.6224309250659118
-0.6223838909741287
-0.6219689733459145
-0.6227294817943827
-0.6226576803830536
-0.6230566014456126
-0.6229832880134731
-0.6233800720378824
-0.623305782926176
-0.6235944336247742
-0.6236555055137013
-0.6236259016907424
-0.6236505542202728
-0.6239492139744031
-0.6238935747003275
-0.6242663711783327
-0.6242092535466626
-0.6245805983904554
-0.6245222064761247
-0.6248913700519769
-0.6248318915314107
-0.6251996587379443
-0.6251389287154312
-0.6241558279825694
-0.6254803689312498
-0.6253929706984356
-0.6257853502661233
-0.6252881209414474
-0.6257011355506619
-0.6260485511057901
-0.6260017237039615
-0.6263486748250302
-0.6262998681553154
-0.6261048217866154
-0.626623392168234
-0.6265488190269266
-0.6269209143475719
-0.6268447184587413
-0.6272143789712359
-0.6271381844459462
-0.6275050391745162
-0.62742752941251
-0.6277940182848079
-0.6276725761629317
-0.6275184349120906
-0.6276692591801595
-0.6280223788580762
-0.6279565999904548
-0.6283091949985339
-0.6282412647532273
-0.6285935662530525
-0.6285237255126075
-0.6288756025518409
-0.6288041013362201
-0.6286893947465677
-0.6291320011484653
-0.62903583989921
-0.6294110170072209
-0.6293142134723404
-0.6296873039776926
-0.6295900687362466
-0.6299613059230078
-0.6295295548555155
-0.6298670801919485
-0.629998650016494
-0.6301764210246457
-0.6300937969385778
-0.6304479630989446
-0.630364186732326
-0.6307170947627285
-0.6306324492908566
-0.6309838888335237
-0.6308985810044526
-0.6312486828526834
-0.6311630765354965
-0.6305206664170599
-0.6314727565855125
-0.6313977967425795
-0.6317356076778203
-0.6316596069106284
-0.6319962536050842
-0.631919218857789
-0.6314119514521102
-0.6322333122098737
-0.6321651244138133
-0.6322512839965626
-0.6324688585808589
-0.6323814800960333
-0.6327248651331081
-0.632636884276532
-0.6329788365116359
-0.6328901068459594
-0.6332305300220532
-0.633141673081451
-0.6334805458649199
-0.6333640688890658
-0.6333724436777222
-0.6336850919336593
-0.6336221466218297
-0.6334452503095982
-0.6339256705496352
-0.6338493566520127
-0.6341720442035234
-0.6340943445660359
-0.6344166255031543
-0.6343376646053002
-0.6344818521323129
-0.6346257179765991
-0.6345535059573486
-0.6348680335797254
-0.6347951828896832
-0.6351084126162987
-0.6350349445692971
-0.6353469614666651
-0.6352729557795658
-0.6355837483768636
-0.6354088665023717
-0.6354752843278749
-0.635459202019021
-0.6357827201003756
-0.6356959234834381
-0.6360170553459483
-0.6359306665459639
-0.6362502302781377
-0.6361630122189783
-0.6364812828142095
-0.6363941281078757
-0.6367107687937154
-0.6357539800119657
-0.6366091139776641
-0.6368980266335942
-0.6368382926852848
-0.6371263060019
-0.6370656531310767
-0.6370906066952505
-0.6373438352136371
-0.6372722161919785
-0.6375690166797723
-0.6374959505147511
-0.6369642876652446
-0.6377632770048827
-0.6376946917664039
-0.637986213920412
-0.6379177883467853
-0.638208098803309
-0.6381387779027913
-0.6384271911224211
-0.6383575519537987
-0.638645438475329
-0.6380157215145204
-0.6385606417939231
-0.6387361262137379
-0.6388295409445852
-0.6387480213161637
-0.6390457390627635
-0.6389644035785527
-0.6392604842680526
-0.6391793021381198
-0.6394738240528774
-0.6393927983942229
-0.6394056182776184
-0.6396458831058698
-0.6395923842176694
-0.6398581179959874
-0.6398045787673272
-0.6400689951656942
-0.6400147429444347
-0.6402782376486242
-0.6402228038537164
-0.6403316570734854
-0.640479469166398
-0.6404088004523958
-0.639549245249653
-0.640657940164394
-0.6405949413817825
-0.64086454112698
-0.6408007958034783
-0.6410700832454905
-0.6410059564243922
-0.6412734617972207
-0.6412097641401828
-0.6414755707408706
-0.6406817605168168
-0.641399099730531
-0.6416378000243783
-0.6416010471324345
-0.6418392328682756
-0.6418015226053053
-0.6414231745522456
-0.6420463052505954
-0.6419700797351042
-0.642244106319917
-0.641859310061063
-0.6421573865560846
-0.6424063072751405
-0.6423547179914386
-0.6426015472358148
-0.6425506098550198
-0.642797032200165
-0.6427457376964962
-0.6429912390254223
-0.6429396243534786
-0.643184220259714
-0.6423213624214741
-0.6431204016310099
-0.6431360206107191
-0.6433477833815748
-0.6432851115392162
-0.6435390429146208
-0.6434768668135418
-0.6437291439229326
-0.6436674204285863
-0.643918805898525
-0.6437366840729399
-0.6438449577976186
-0.6440697595597091
-0.6440337085399305
-0.6442578685091901
-0.6442211353259598
-0.6444446459109786
-0.6444075300051124
-0.6446304020543172
-0.6445927994815793
-0.6447283591867032
-0.6445037833456079
-0.6447860742166964
-0.6447385880409152
-0.6449703076424709
-0.6449227508140437
-0.6451533831507874
-0.64510569557921
-0.6453353465692153
-0.6452874807507578
-0.6455162292041993
-0.6454363099551402
-0.6454573761719059
-0.6456611087819504
-0.6456381233030474
-0.6458413064937729
-0.6458176277500995
-0.6460202920362283
-0.6459959716737587
-0.6460238705055223
-0.6462049735088841
-0.6461445263132417
-0.6462744152759394
-0.6463465353314228
-0.6463130970842343
-0.6465230308502881
-0.6464894000775211
-0.6466984284850557
-0.6466646743730842
-0.6468729336258831
-0.6468389093939046
-0.6470464836544172
-0.6470121577870342
-0.6468927232360072
-0.6471829032802214
-0.6471750663315714
-0.647355785764642
-0.6473471342339372
-0.6471724195783928
-0.6475356920948827
-0.6474906594624281
-0.647705753138151
-0.6476605554432526
-0.6478743377222674
-0.6472348531849174
-0.6478220880752451
-0.6480099758498143
-0.6479911558699775
-0.6481783256981104
-0.6481591887007621
-0.6483456486193095
-0.6483262146013855
-0.6485119911679158
-0.6484922946159128
-0.6486154209229842
-0.6485552692183358
-0.648651146676859
-0.6486234148123068
-0.6488162982719933
-0.6487888703327246
-0.6489808009100952
-0.6489532464964871
-0.64914443386706
-0.649116192018197
-0.6493067769100542
-0.649038395186623
-0.6492704520898095
-0.6494360352054975
-0.6494327974989003
-0.649597879697958
-0.6495941283296796
-0.6497587262215092
-0.6497545065686594
-0.6499186232505862
-0.6499139833564049
-0.6496565455452102
-0.6497516335534214
-0.6500527720133414
-0.6500396060079934
-0.6502115114998377
-0.6501982879605482
-0.6503693397284637
-0.6503560708818805
-0.6505262880208863
-0.6505130870115873
-0.6506822063976636
-0.650628064965177
-0.6506610646681668
-0.6508059765879635
-0.6508173825116974
-0.6509617721539329
-0.6509727161440155
-0.6511167727861522
-0.651127119553861
-0.6507849618383
-0.6512786460324389
-0.6512539440969992
-0.6513395234136071
-0.6513996048487598
-0.6514010333942272
-0.6515524221304357
-0.6515536644987547
-0.6517044434379954
-0.6517053601013181
-0.6518558359703963
-0.6518565549504243
-0.6520060078295724
-0.6520069473174008
-0.6520177471169301
-0.6521222953304526
-0.6521494084353547
-0.6520728416726971
-0.6522811735726959
-0.6522744530633184
-0.6524296138989698
-0.6524230831992517
-0.6525772884619306
-0.6525709565718024
-0.6527242207399355
-0.6524037372783233
-0.6527118345577596
-0.6528406724685349
-0.6528595846117846
-0.6529876139719183
-0.6530057598180879
-0.6531328117117248
-0.6531506359766095
-0.653277711206713
-0.6532952748864385
-0.6533399849528954
-0.6531595006498353
-0.6533994472634638
-0.6534090921013482
-0.6535434124026294
-0.6535530449954805
-0.6536871325731414
-0.6536965589514709
-0.6538295060318409
-0.6538393311757589
-0.6539711812175875
-0.6539813873566839
-0.6539674329629594
-0.6540805613052337
-0.6541165158266328
-0.6542221541138833
-0.6542574843714427
-0.6543628701220767
-0.6543975760589087
-0.6542577195709746
-0.6545105901459998
-0.6545129141910564
-0.6546492931851119
-0.65416082581444
-0.654647415959702
-0.6547597348797298
-0.6547858209069544
-0.6548968027637126
-0.6549238936207542
-0.6550342248096244
-0.6550612901430884
-0.6551710036693875
-0.6551980167518336
-0.6553072246067776
-0.6547514657728781
-0.6553285069083734
-0.6554138595471568
-0.6554644160756586
-0.6552084508834741
-0.6555589609212169
-0.6555770333878834
-0.6556935418203448
-0.6557121785495289
-0.6558275011143403
-0.655760268221943
-0.655841338924475
-0.6559323007817324
-0.6559754429631491
-0.6560660329280464
-0.6561087746316792
-0.656199071376058
-0.6562413724183644
-0.6563314357514354
-0.6563732675572326
-0.6564631454504007
-0.6561170815506074
-0.65649904258474
-0.6560802673658905
-0.6565742812248971
-0.6566083477237608
-0.6567050588580023
-0.6567391857852796
-0.6568352022689907
-0.6568694053409542
-0.656964729548403
-0.6569990252690689
-0.6570637319184153
-0.6570646715216222
-0.6571235007810439
-0.657194041875532
-0.6572524499149934
-0.6573227106916307
-0.6573807348123293
-0.6574507083898781
-0.6575083893586013
-0.657392194880228
-0.6575860559191428
-0.6571961529073072
-0.6576090656531254
-0.6576856746587774
-0.6577361812976236
-0.6578122770412667
-0.6578626314937954
-0.6579382694180158
-0.6579884433444664
-0.6580636672648477
-0.6581136418645209
-0.6581884855537358
-0.6577487319952526
-0.658233861449838
-0.6582852728200392
-0.6583586029957559
-0.6584098332551283
-0.6584827033897451
-0.6583101132866914
-0.6585418712916449
-0.6585840118424071
-0.6586647196422332
-0.6585939930132576
-0.6587034402913036
-0.6587609627462006
-0.6588264612127639
-0.6588835419782049
-0.6589488762381365
-0.6590055168814601
-0.6590707138747955
-0.6591269114351346
-0.6591921744802201
-0.6592479638914083
-0.6590684629726545
-0.6593083688933836
-0.6593413453723284
-0.6594291237025953
-0.6591704936787126
-0.6594706976685525
-0.6595279544894723
-0.6595903290359154
-0.6596476100504005
-0.659709466565928
-0.6597667335723117
-0.6598281189392796
-0.6591985450852305
-0.6598822254428885
-0.6599202435282837
-0.6600008012988128
-0.6600384964148764
-0.660118814383674
-0.6601561797061186
-0.6602362891425685
-0.660273317684397
-0.6603532702407737
-0.6603181978643136
-0.659942091729289
-0.6603716281696854
-0.6604456252890278
-0.6604881278448189
-0.6605621494103349
-0.6606040945298288
-0.6606781550133776
-0.6607195445935667
-0.6607936587884743
-0.660834491532583
-0.6606840793499716
-0.6609051001752519
-0.6609233711856423
-0.6610201235643077
-0.6610382631302588
-0.6611346103870746
-0.6611526475818894
-0.6612485847114098
-0.6611600478524187
-0.6612743120402073
-0.6613362267662777
-0.6613377166422019
-0.6613627089621645
-0.6614511895708752
-0.6614757467370245
-0.6615641581363727
-0.6615883104347033
-0.661676640764066
-0.6617004127663084
-0.6617885490892297
-0.661811907305793
-0.661855712400005
-0.6618966370732571
-0.6618977020705989
-0.662008134401212
-0.6620090682401895
-0.6621190978995636
-0.6619939148463702
-0.6621281128693242
-0.6622089815806629
-0.662238017090129
-0.6623191562512758
-0.6623474785854115
-0.6619920038799232
-0.6624266712267353
-0.6624323173658441
-0.6625363198674989
-0.6625415846541355
-0.6626454508046549
-0.6626503708069001
-0.6627543435077685
-0.6627584453308346
-0.6628624858118175
-0.6628660989073933
-0.6625548496113302
-0.6629670595393121
-0.6626328990713077
-0.6629575161683599
-0.6630553495207013
-0.6630648006148079
-0.6631627215814109
-0.6631716337086564
-0.6632696552026085
-0.6632780278085726
-0.6633761641809047
-0.6633839945622533
-0.6627952137997181
-0.66348005744723
-0.6634655052656646
-0.6635861129806969
-0.6635714423038089
-0.6636916226611191
-0.66367679350922
-0.6637967249092841
-0.6637003091116559
-0.6637892894678452
-0.6635096168778678
-0.6638794526290538
-0.6638705159122171
-0.6639843356713868
-0.6639748138088899
-0.6640887557328444
-0.6640786739444791
-0.6641927281329303
-0.6641821139870527
-0.6642962673518058
-0.6642851422498375
-0.6641096161426614
-0.6643967584309471
-0.6643641475582693
-0.6644996486523271
-0.6644672755606666
-0.6646022111901062
-0.6644424395278521
-0.6645770784283423
-0.6646846583913363
-0.6646787393953613
-0.6647865612936865
-0.6647800120565207
-0.6642356628802456
-0.6648865579890708
-0.6648579433428582
-0.6649884861724944
-0.6649587489599557
-0.665088961238391
-0.6650594663136127
-0.6651895433743631
-0.6651597618715817
-0.6652897294162836
-0.6652596502447177
-0.6647736331199832
-0.6653862631984595
-0.6653364413669705
-0.6652656409898901
-0.6654678932570087
-0.6654441059910441
-0.6655675757111976
-0.6655430505065459
-0.6656668676064994
-0.6656416221656631
-0.6656304621635951
-0.6657635254945836
-0.6657167106065569
-0.6658621517953796
-0.6658152988703225
-0.6659603157311028
-0.6659134631287337
-0.6660580363676356
-0.6660112145786197
-0.6661553303210153
-0.6661085644297552
-0.6659413005593688
-0.6660263903084005
-0.6662315076174551
-0.6661904373286892
-0.6663287616991217
-0.666287168983879
-0.6664256146739816
-0.6663835256466056
-0.6665220797080915
-0.6664795154438814
-0.6666181676171796
-0.6665751444579684
-0.6661789509342997
-0.666697101399641
-0.6666629241194006
-0.6667925918499664
-0.6667584020584401
-0.666887718701823
-0.6668535146927942
-0.6669824929680394
-0.6669482739371707
-0.6667572298340996
-0.6668960848903076
-0.6670622044390404
-0.667022905816644
-0.667156431723626
-0.6671170800297106
-0.6672504921326553
-0.6672110846191958
-0.6673441843936505
-0.6673047068776873
-0.6674375169367566
-0.6673979597785253
-0.6674571116722907
-0.6675073395131959
-0.6674893949482393
-0.667600584354106
-0.667582442094849
-0.6676934400196042
-0.6676750839590779
-0.6675153338041609
-0.6677934387159898
-0.6677491748518598
-0.6678852134357433
-0.6676067205256133
-0.6678402073137436
-0.6679558548627496
-0.6679320923612188
-0.6680476397272544
-0.6680235780159074
-0.6681383755436411
-0.6681149200203209
-0.6682293108437686
-0.6682059265859494
-0.6683199030279208
-0.6680635339245222
-0.668294864247057
-0.6683443198778951
-0.6683964315818407
-0.6683681883077969
-0.6684866116215837
-0.6684585803983562
-0.6685764610035203
-0.668548630592972
-0.6686659854575335
-0.6686383487777475
-0.6687551922842402
-0.6682953557823219
-0.6687266889944048
-0.6688228459747853
-0.6688160389189417
-0.6689118911506733
-0.6689050456709771
-0.6690006623560019
-0.6689937514980797
-0.6690890871909039
-0.669082135580379
-0.6690098373522366
-0.6689078251183522
-0.6691634130483741
-0.6691515972360125
-0.6692514792056485
-0.6692396569422798
-0.6693392130845419
-0.6693273692358959
-0.6694266222453953
-0.6694147459846846
-0.6695137125506043
-0.6694440257042024
-0.6695003309615875
-0.6695793110569319
-0.6695875160747244
-0.6696662983071344
-0.6696743515082375
-0.6697529423702676
-0.6697608331772038
-0.6697243056384775
-0.6698466131505336
-0.6698294771292017
-0.6699323127240465
-0.6695257453275731
-0.6699149691000141
-0.6699975909256435
-0.6700009291120297
-0.6700831991090965
-0.6700865700874428
-0.6701684836897682
-0.6701719037133798
-0.6702534536825462
-0.6702569398285821
-0.6703381188809762
-0.6700250584673756
-0.6703404290089361
-0.6704017388528685
-0.6704251800954936
-0.6702815805993687
-0.6704943112397721
-0.6704927173759283
-0.6705782909860477
-0.6705769274980752
-0.6706619812814123
-0.6706608560960976
-0.6707058183338037
-0.6707246297159739
-0.6707437648263176
-0.6708082985115021
-0.6708273640342497
-0.6708916590704987
-0.6709106656868002
-0.6709747336870295
-0.6709936796454375
-0.6710575278513857
-0.6710764135528067
-0.6711281681701345
-0.6708165709193795
-0.6711269968130777
-0.6711414770439421
-0.6712093822959633
-0.6712239229805369
-0.6712914735860307
-0.6713060642189363
-0.6713732209231822
-0.6713879873333792
-0.6714547449216531
-0.6713283343999084
-0.6714686208638749
-0.671516007359756
-0.6715502576731464
-0.6715974905555864
-0.6716316230195793
-0.6716786203022285
-0.6717126752674637
-0.6717444684077389
-0.6717667410965783
-0.6717766567191372
-0.671847046282705
-0.6714245242585606
-0.6718570340616257
-0.6719078598775492
-0.6719375816132399
-0.6719880930452427
-0.672017844330287
-0.6720680356544977
-0.6720978308961005
-0.6721476963251121
-0.6721775510389052
-0.6722270828354171
-0.6719097936476142
-0.6722561650651241
-0.6722863533765523
-0.6723356332308491
-0.6722710789741972
-0.6723734065267031
-0.6723987188200913
-0.6724521822623057
-0.6724777025845872
-0.6725306973220274
-0.6725389042757079
-0.6725557572585452
-0.6725897458380017
-0.6726345331140013
-0.672668327439939
-0.6727129963603877
-0.6727466436096385
-0.6727911927465846
-0.6728247010003858
-0.6728691289082571
-0.6729025046665984
-0.6728740681160005
-0.6729454613610019
-0.672838761294593
-0.6729682296112388
-0.673007596281796
-0.6730456056328119
-0.6730850482972418
-0.6731227324488264
-0.6731622379064096
-0.6731996190456913
-0.6732390016267692
-0.673276117323195
-0.673013381463667
-0.6733152651291373
-0.6733335187948242
-0.6733920029001383
-0.6734099380885595
-0.6734684581164411
-0.6734860949952884
-0.6735446397679721
-0.6735619934757429
-0.6736205575442917
-0.6734625409407264
-0.6735686464555568
-0.6736257941951891
-0.6736800885030579
-0.6737014294033384
-0.6737557637517165
-0.6737767989242653
-0.6738311866786328
-0.6738519112315293
-0.6739064056591049
-0.6739267013280431
-0.6739813309765144
-0.6740012650068334
-0.6736155574311642
-0.6740556453274958
-0.6740567258634934
-0.6741303809504587
-0.6741313298618137
-0.6742048362366972
-0.6740205222214708
-0.6742131512427075
-0.6742634080911685
-0.6742868883716426
-0.6741957393017363
-0.6743372331745137
-0.6743421607324744
-0.674411257025332
-0.6744159619963628
-0.6744855686797806
-0.6744897775088043
-0.6745585387982276
-0.6745630576173907
-0.6746318279555361
-0.6746360940061834
-0.6745855510463352
-0.6747043072142631
-0.6746901791609257
-0.6747774305991887
-0.67459040840316
-0.674771106127673
-0.6748350561500791
-0.6748435795771814
-0.674907769097152
-0.6749158282081458
-0.6749802533238521
-0.6749878568033255
-0.6747260561018003
-0.675052459457168
-0.6750419290536853
-0.6751248105676131
-0.675113926091909
-0.6751968745281876
-0.6751856376412393
-0.6752687173982285
-0.6752571196938894
-0.6753403245362787
-0.6752821576424348
-0.6752858887034269
-0.6753171177078473
-0.6753963978310458
-0.675388378292111
-0.6754677497324437
-0.6754594084583989
-0.6755388602566615
-0.6755302115849121
-0.6756097376594825
-0.6756007924342506
-0.6756803872985981
-0.675671153401263
-0.675331646922103
-0.675750730747108
-0.6757233095810435
-0.6758214271215979
-0.6757943037987186
-0.6758913684859081
-0.6758170032291355
-0.6758706645309179
-0.6759461405310865
-0.6759403125759362
-0.6758819769191646
-0.6760161068269085
-0.6759921558521911
-0.6760862262490275
-0.6760615926586061
-0.6761557671144793
-0.6761308204056073
-0.6762250995214492
-0.6761998431110334
-0.6762940676444208
-0.6762688019064578
-0.6763334922528025
-0.6763591003474559
-0.6763229461625295
-0.6764281035462185
-0.676391822146626
-0.6764968721710903
-0.6764604537863756
-0.6763582652248832
-0.6765536249166292
-0.6765333178438691
-0.6766221627096345
-0.6766013322340972
-0.6764444065862402
-0.6766906283724921
-0.6766515600900377
-0.6767587341121785
-0.676719661920123
-0.6768265974441804
-0.6767875365157761
-0.6768942259567506
-0.6768551888092795
-0.6769616279231953
-0.6769226241037731
-0.6767645458474285
-0.6770107213163453
-0.6769895110185704
-0.676959268448329
-0.6770813692608652
-0.6770463947916329
-0.6771486303538707
-0.6771132633325534
-0.6772156863416022
-0.6771799362887193
-0.6772825408591967
-0.6772464153362201
-0.6769384223601727
-0.6773340616483132
-0.6773107204938087
-0.6774005728250394
-0.6773772440420006
-0.6774668652928193
-0.6774435640190851
-0.6775329464681561
-0.6775096866149186
-0.6775988206742803
-0.6773573661385611
-0.6775394173378408
-0.6775613447663296
-0.6776544687009798
-0.6776273291526239
-0.6777201348811293
-0.677693081936958
-0.6777855933233935
-0.6777586295948593
-0.6778508559741641
-0.6778239772349006
-0.6779159268977384
-0.6775166694645296
-0.6778895580817523
-0.6779635942674449
-0.6779547288591632
-0.6780285447614252
-0.6780197064216458
-0.6780933052113347
-0.6780844576424727
-0.6779883410994373
-0.6781651491233821
-0.6780412983804944
-0.6781352502454248
-0.6782126477101145
-0.6781998718219077
-0.6782771013110518
-0.678264278842042
-0.6783413539427403
-0.6783284771617902
-0.6784054090447954
-0.6783924728190467
-0.6784692711618709
-0.6784140289167608
-0.678456325588106
-0.6785157423301441
-0.6785202442056254
-0.6785795818524277
-0.6785839428569158
-0.6785389809081485
-0.6786503259350967
-0.6786335058408436
-0.6787133911860952
-0.6786969369389273
-0.6787764089642441
-0.6785238310730861
-0.6787607451084692
-0.6788232242764469
-0.6788238576958677
-0.6788858875874275
-0.6788868930248819
-0.6789486956271364
-0.6789497447076599
-0.6790113119231049
-0.6790124181096491
-0.6790737414591903
-0.6789146872549845
-0.6790750122270549
-0.6789522869637301
-0.6791265894920668
-0.6791240012051243
-0.6791888051134871
-0.6791863659603989
-0.6792508372540086
-0.6792485567576969
-0.6793126917034018
-0.6793105772783884
-0.6793743718682677
-0.6790782630602391
-0.6793729146386979
-0.6794195777634241
-0.6794347544687401
-0.6794812651534571
-0.6794964086160045
-0.6795427574009257
-0.6795578826530538
-0.6796040600773042
-0.679619182268463
-0.6795093271528767
-0.6795457187544219
-0.6796556376553182
-0.6796671709639285
-0.6797167379118242
-0.6797283511819832
-0.6797776534336383
-0.6797893497383743
-0.6798383938387282
-0.6798501677306952
-0.6798989613506465
-0.6799108773942666
-0.6799594401375894
-0.6795821457765217
-0.6799717724479748
-0.6800034321948607
-0.6800322785230127
-0.6800638322775499
-0.6800926036276478
-0.6799795855406887
-0.6801312185545583
-0.680139067742308
-0.6801911429815686
-0.6800373622952728
-0.6801996636689202
-0.6802347297373477
-0.6802596616138039
-0.680294578161557
-0.6803194714119378
-0.6803542496709823
-0.680379097869928
-0.6804136074563001
-0.6804386278192019
-0.6804728978921799
-0.6804212220798449
-0.6804982823528589
-0.6805159440462949
-0.6805576682027327
-0.6804747493809715
-0.6805822802708694
-0.6806036765298695
-0.6806411978596769
-0.6806627661998914
-0.6806999539074954
-0.6807217007714801
-0.6807585510567109
-0.6805499639918812
-0.6807811690785527
-0.680801354999949
-0.6808399332179863
-0.6808599597656904
-0.6808985281748627
-0.6809183868473173
-0.6809569585405767
-0.6809766410821996
-0.6810152300347491
-0.681034727727585
-0.680917758313581
-0.6810240613474504
-0.6810607091110834
-0.6810837854666186
-0.6811188731153266
-0.6811416869657243
-0.6811768780045695
-0.6811994247040432
-0.681234726759906
-0.6812570011106753
-0.6812924245821046
-0.6813144205016697
-0.681073604933965
-0.681350595379168
-0.6813561178730921
-0.6814081420973822
-0.6814135570181655
-0.681465522247469
-0.6814708202708302
-0.6815227415407403
-0.6814305546955497
-0.6815345536867388
-0.6814976628387799
-0.6815673817177602
-0.6815761640844242
-0.6816245295127716
-0.6816331262781246
-0.6816815047648919
-0.6816899369660385
-0.6817383274089396
-0.6817465984513222
-0.6817950014860135
-0.6818031128867171
-0.6818515304484921
-0.6818594839677683
-0.6814963441061004
-0.6819084638523634
-0.681900139791587
-0.6819648199314459
-0.6818670453908682
-0.6819632443975099
-0.6820082237682927
-0.6820192364672262
-0.6820643432983606
-0.6820750895293015
-0.6819744558387149
-0.6821210548364824
-0.6821156663908163
-0.6821770035575527
-0.682171451439429
-0.6822327914361634
-0.6822270742901806
-0.6822884281178113
-0.6822825379578892
-0.6823439186201473
-0.6823378471530038
-0.6823389421726194
-0.682399696501726
-0.6822618537473764
-0.6823846562539361
-0.6824426445137022
-0.6824397911753894
-0.6824978873238081
-0.6824947754271988
-0.6825529874792536
-0.682549612240785
-0.682607948727349
-0.6826043044416086
-0.6824746696252182
-0.6826635449155162
-0.6826438548829343
-0.682718365575175
-0.6826985687800231
-0.682773033393467
-0.682753121351473
-0.6828275535499768
-0.682807516419587
-0.6828819303025044
-0.6827931957680222
-0.6828682009820799
-0.682533868600087
-0.6829244987087744
-0.6829075988443236
-0.6829787814212461
-0.682961680159425
-0.6830329203695
-0.6830156116209645
-0.6830869198886915
-0.6830693973814652
-0.683140783151207
-0.6831230408323047
-0.6829504191014435
-0.68319511153409
-0.6831617331624353
-0.6832487880128736
-0.6832154159524449
-0.6833023086483143
-0.6832689556022957
-0.6833351126278935
-0.6833432412478482
-0.683328689589858
-0.6833983127298344
-0.6833975634150948
-0.6833673109161836
-0.6834509578562342
-0.6834206213946779
-0.6835042104986302
-0.6834737920099136
-0.6835573248745419
-0.683526945608114
-0.6836103693497007
-0.683579817655406
-0.6836629713213573
-0.6836324117926579
-0.6833785233342908
-0.6837033572006781
-0.6836834904576574
-0.6837246571189279
-0.6837570474477647
-0.683729508583373
-0.6838094916983958
-0.683781832615837
-0.6838619407909522
-0.6838340231878349
-0.6838476290682608
-0.6839044498522755
-0.6838822584621496
-0.6839566806745113
-0.6839345558542996
-0.6840087846451717
-0.6839867111897264
-0.6840607630031681
-0.6840386782424512
-0.6841125515810038
-0.6840905494528825
-0.6841642041577745
-0.6838587775335346
-0.6841430821447266
-0.683956639429388
-0.6842078864810834
-0.6841828854421508
-0.6842593898431502
-0.6842345409802058
-0.6843107602991193
-0.6842860698377816
-0.6843620007191177
-0.6843281842426708
-0.6843383156175934
-0.6843988436530226
-0.6843897210494041
-0.6844501081702067
-0.6844409885700101
-0.6845012268365094
-0.6844921846950819
-0.6845521345708803
-0.684543170806885
-0.684585486268021
-0.6846091486077389
-0.6843936443213831
-0.6845829538113921
-0.6846458612061165
-0.6846338771926146
-0.6846965612647418
-0.6846848041053475
-0.6847470291801581
-0.6847354475128891
-0.6847973772701708
-0.6847859718226306
-0.6848476078485572
-0.6848129261958233
-0.6848370764851049
-0.6848835760670617
-0.6848875139507808
-0.684933921351949
-0.6849378160080629
-0.6849538757237656
-0.6849906733816393
-0.6849762733185573
-0.6850404681189733
-0.6850264222469502
-0.6850901522552119
-0.6849442289946215
-0.6850773870595995
-0.6851263531205851
-0.6851274782899848
-0.6851761076552544
-0.6851774397855052
-0.6852257370040211
-0.6852272723971554
-0.6852752445606554
-0.6852769794857351
-0.6853246314507144
-0.6853265636164924
-0.6853738996302776
-0.6850324260174601
-0.6853103248634353
-0.685365223653114
-0.6854153899708519
-0.6854146799023977
-0.6854645456582967
-0.6854640102724601
-0.6855135817413232
-0.6855132167768276
-0.6855624993654278
-0.6855004669504527
-0.6855631712639643
-0.6855977598151477
-0.6856122874451048
-0.685646664265064
-0.6856613057920555
-0.685695443862135
-0.6857101941855575
-0.6857441002691227
-0.68575895580599
-0.6856213049276326
-0.685798825897362
-0.6855593150232024
-0.685796879449725
-0.6858336160184221
-0.6858455185639379
-0.6858820404524451
-0.6858940286219802
-0.6859303426090106
-0.6859424133854376
-0.6859785248573894
-0.6859906751822438
-0.6860265892998894
-0.6859230576700448
-0.6860396452327797
-0.6860606768586052
-0.6860878246513473
-0.6861087421435375
-0.6861358447613481
-0.6860149559147672
-0.6861632033974108
-0.6861721919464033
-0.686210886520892
-0.6862200322959279
-0.6862584573719628
-0.6860024090670385
-0.6862690059890224
-0.6862923573153543
-0.68631670835498
-0.6863399025614558
-0.6863642879605514
-0.6863873395819831
-0.6864117478257603
-0.6864346695326838
-0.6864590896641596
-0.6864818935647172
-0.6863445079618796
-0.6865074938627693
-0.6863690896236987
-0.686521710328885
-0.6865433291296693
-0.6865694529238797
-0.6865906690506107
-0.6866163359011828
-0.6866379005702908
-0.6866631189169784
-0.6866850251349624
-0.686709802344211
-0.6865547086055345
-0.6867329690332309
-0.6867423390398204
-0.6867798331308423
-0.6867891751319666
-0.6868265664845905
-0.6868358876423544
-0.68687317343034
-0.68688248011672
-0.686919656926283
-0.686815400374611
-0.6868955027491653
-0.6869219843064449
-0.6869557566112878
-0.6869684742629727
-0.6870021269184431
-0.6870148438339009
-0.6870483730994843
-0.6870610945669691
-0.6870944979993298
-0.68710722874805
-0.687140505284805
-0.687153248809298
-0.6868525444257014
-0.6871875628874035
-0.6871852713434388
-0.6872335418933171
-0.6872313089436588
-0.6872793938554886
-0.6872772259513491
-0.6873251220115513
-0.6872358981382424
-0.6873287306488369
-0.6871811374088869
-0.6873607968437186
-0.6873612799970672
-0.6874065564953478
-0.6874068832175509
-0.6874522073575035
-0.687452371958711
-0.6874977520815075
-0.6874977483874505
-0.6875431936558218
-0.6875430158878443
-0.6875342578618204
-0.687589513990828
-0.687574954834789
-0.6876348688260164
-0.6876202594965013
-0.6876801105192608
-0.6876084978958044
-0.687671648902809
-0.6877141910088818
-0.687716576243504
-0.687759242844026
-0.6877614027432251
-0.6876099964408684
-0.6878054911801035
-0.6877932234827813
-0.687850456591739
-0.6878380676427818
-0.6878953155448423
-0.6878827982413148
-0.6879400702287515
-0.6879274182085028
-0.6879847237012124
-0.6879719292463744
-0.6879402027185251
-0.6880302886155913
-0.6879346925995222
-0.6880095794528097
-0.6880640613654621
-0.6880539882143649
-0.6881085167297962
-0.6880982923916527
-0.6881528653180011
-0.6881424939375895
-0.6881971093856185
-0.6881865951435399
-0.6880421747894194
-0.6882425811991711
-0.6882175681921281
-0.6882867582823011
-0.6882616221938743
-0.6883308019168288
-0.6883056244671
-0.6883747875865374
-0.6883495212060118
-0.6884186662206029
-0.6883933146342827
-0.6883550662937161
-0.6883322683162882
-0.6884527630322494
-0.6884304116350843
-0.6884965410858129
-0.6884741133752732
-0.6885402099331908
-0.6885177103886694
-0.6885837722133914
-0.6885612050739742
-0.6886272308942201
-0.6886045992002494
-0.6884308353940747
-0.6886639306491886
-0.6886427549256586
-0.6887073516037288
-0.6886861147859575
-0.6887506656104085
-0.6887293650014326
-0.6887936237922117
-0.688772589877908
-0.688836685288729
-0.6887157033471671
-0.688774423527189
-0.6888062029433939
-0.6888730057828377
-0.6888493699393206
-0.6889159607990156
-0.688892440966854
-0.688958816085147
-0.6889354184982937
-0.6890015730519699
-0.688978304122887
-0.6890442340209911
-0.6888440342719324
-0.6890223283874359
-0.6890742707904368
-0.6890651263806201
-0.6891169632835036
-0.6891078241374399
-0.6891595485497792
-0.689150424535675
-0.6890842534808738
-0.6892078928484059
-0.6891821630742017
-0.6892340592122137
-0.6892376785730768
-0.6892260707164295
-0.6892800616646687
-0.6892685220218799
-0.689322342032496
-0.689310878469117
-0.6893645219664133
-0.6893531422250007
-0.689406604206626
-0.689395314980237
-0.6894485909735177
-0.6892710407688141
-0.689438576158531
-0.689477980709805
-0.6894806716415117
-0.6893941807302922
-0.6895260372307379
-0.689512214110935
-0.6895678218029067
-0.6895541459541206
-0.6896095163483882
-0.6895959853050253
-0.6896511217837031
-0.6893781899938394
-0.6896391359862803
-0.689680412686172
-0.6896808935438635
-0.6897220416306367
-0.6897225569919767
-0.6897635694972061
-0.6897641286862789
-0.6898049998164071
-0.6898056106476941
-0.6898463342964901
-0.6896949384006592
-0.689817837352509
-0.6898378429089242
-0.6898812182909386
-0.6898792574073971
-0.6899224619077123
-0.6899205755197451
-0.6899636135214657
-0.689961799320308
-0.6900046749178976
-0.690002930722674
-0.6900456464174973
-0.6898027989922
-0.6900452802527504
-0.6900742908036843
-0.690086365462513
-0.690115278766929
-0.6901273569086344
-0.6901561668742535
-0.6901682594269321
-0.6901388316357475
-0.6902027232802692
-0.6901326160114416
-0.6902000153887446
-0.6902314853877504
-0.6902408314315533
-0.6902721230892223
-0.6902815894591714
-0.6903127171639928
-0.6903222597554348
-0.6903532189866576
-0.6903628441499261
-0.6903936293233891
-0.6904033451205183
-0.6904339550738133
-0.6901951150048758
-0.6904450235252506
-0.690462086335118
-0.6904854498119205
-0.6904482486566105
-0.6905083451365503
-0.6905155932226759
-0.6905484789496594
-0.6905558740496767
-0.6905885276171405
-0.6905615264632396
-0.6905974146842764
-0.690616621810936
-0.690637613316711
-0.6906566987694892
-0.6906777219428518
-0.6906966803459784
-0.6907177439921134
-0.6907365697733028
-0.6907576808329571
-0.6907763679044816
-0.6907975354258433
-0.690816077899475
-0.6905978763339764
-0.6908385007446887
-0.6906417495991073
-0.6908496911518752
-0.6908683241636093
-0.6908893060135227
-0.6909080448321839
-0.6909288340032631
-0.6909476845651351
-0.6909682772839267
-0.6909653254472807
-0.6909885048200938
-0.6909958081192268
-0.6910280711320653
-0.6910352845506803
-0.6910675488786274
-0.6910746656414047
-0.6911069410012244
-0.6911139549091628
-0.6911462495798881
-0.6911531532747445
-0.6911854764527978
-0.6910773774169512
-0.6910377427462545
-0.6911861431752245
-0.6912159957875523
-0.6912252525122964
-0.6912551752783992
-0.691264273169513
-0.6912942728768462
-0.6913032074835528
-0.6913332906473957
-0.6913420574994462
-0.6913456833634766
-0.6913734423158902
-0.6913690565854603
-0.6914123936823451
-0.6914079431593648
-0.6914512582365561
-0.6914467355789125
-0.6914900379256326
-0.6914013046057058
-0.6914911584917047
-0.6915186934740452
-0.6915296640393193
-0.6913973039837171
-0.6915588217355657
-0.6915566028663147
-0.691597474234332
-0.6915951295846088
-0.6916360450606118
-0.6916335660072255
-0.6916747169145098
-0.6916720155887429
-0.6917131581340263
-0.6917103931990968
-0.6916920533036194
-0.6917524913721338
-0.6917368838653813
-0.6917908456120747
-0.6917095782166396
-0.6917810359503811
-0.6918194671791881
-0.6918192057972213
-0.6918576969396617
-0.6918573001633819
-0.6918958514895814
-0.6918953201171779
-0.6917548907020279
-0.6919351670758355
-0.6919217547311689
-0.6919732364624103
-0.691959714863256
-0.6920112216279112
-0.6919976002974219
-0.6920491242620557
-0.6920354099183875
-0.6920869520186264
-0.6920731434306804
-0.6920456843295717
-0.6921249702872063
-0.692116226313632
-0.6921049821746621
-0.6921540011855221
-0.6921425996237618
-0.6921917007198916
-0.6921801425502401
-0.6922293265205643
-0.6922176115061712
-0.6922668801473455
-0.6922550081353206
-0.692149656142204
-0.6923057416294576
-0.6922809017451199
-0.6923432226220172
-0.6923183097153394
-0.692380623260556
-0.6923556311863149
-0.6924179460820692
-0.6923928680591769
-0.6924562376847828
-0.6923889290032759
-0.6924301222261373
-0.6922457370727298
-0.6924839888108105
-0.6924616285733215
-0.6925211905733959
-0.6924986933971484
-0.6925583168181856
-0.6925356782419041
-0.6925953694920002
-0.6925725841776125
-0.6926323498051241
-0.6926094134434754
-0.6925030319549956
-0.6926607699750483
-0.6926446491751641
-0.6926976323840837
-0.6926815400434625
-0.6927344112825533
-0.6927183548171734
-0.6927507915417508
-0.6927714347737948
-0.6927506493497733
-0.6928081513825937
-0.6927871192875316
-0.6926119194473747
-0.6928382447524664
-0.6928204478092435
-0.6928747946838626
-0.6928570774821963
-0.6929112650033399
-0.6928936341769004
-0.6929476578851008
-0.6929301192247127
-0.6929839752406012
-0.6929045062744295
-0.6929678274977629
-0.6930090077279374
-0.693004254581608
-0.6930041001176137
-0.6930509889652631
-0.6930311410257419
-0.6930871878089485
-0.6930677391099676
-0.6931231647634923
-0.6931039839241787
-0.6931590773574774
-0.6930315842393704
-0.6931413560077779
-0.6931840134018104
-0.6931775217506648
-0.6932202733818456
-0.6932136745390844
-0.6932562149552175
-0.6932497523191793
-0.6932920819093974
-0.6932857546185344
-0.6933278795196451
-0.6933216847633971
-0.6933187564450556
-0.6931509325573362
-0.6933579460184762
-0.6933499053402715
-0.6933938077475486
-0.6933854084604383
-0.6934294704633962
-0.6934211934651989
-0.693465062030284
-0.693456905765841
-0.6935005842593843
-0.6934419378025714
-0.6934939522095059
-0.6935252452670182
-0.6935296633932833
-0.6935608420561061
-0.6935652978384899
-0.6935963716368975
-0.6936007067371799
-0.6935844817733289
-0.6936371434623769
-0.693626687661719
-0.6936723711436991
-0.6934963046405469
-0.6936637034907811
-0.6936968299409306
-0.6936991148969903
-0.6937321390326721
-0.6937343523209747
-0.6937673146900609
-0.6937695953886698
-0.6938024180234417
-0.6938047706390618
-0.6938374485081057
-0.6937869358768611
-0.6938411831241826
-0.6938615003052807
-0.6938763360423904
-0.6938514330032123
-0.6939021313251765
-0.6939021623345687
-0.6939370122285219
-0.6939371646268007
-0.6939718239507335
-0.693972102188523
-0.6940065676301824
-0.693873985798922
-0.6940084671666977
-0.6940305046826967
-0.6940433423907423
-0.6940652795255073
-0.6940781470311156
-0.6940999762261064
-0.6941128827892015
-0.6941346018135228
-0.6941475520410016
-0.6941691546373666
-0.6941513697320634
-0.6941833992759469
-0.6940255039528995
-0.6941984311817253
-0.6942089986200515
-0.6942328942975604
-0.6942435608005231
-0.6942672927236143
-0.694278059014961
-0.6943016269406516
-0.6943124945321092
-0.6943358972744509
-0.6942404827625691
-0.6943482900257825
-0.6943594007424876
-0.6943827989573197
-0.6943936299723722
-0.6944170868185949
-0.6944277920949854
-0.694451310528731
-0.6944618888631581
-0.6944854716152989
-0.6944084988112553
-0.6945014854679703
-0.6943163579236047
-0.6945121090193155
-0.6945246645871713
-0.6945462279126451
-0.6945586037440306
-0.6945802837640636
-0.6945929885107615
-0.6946143814541346
-0.6946267672535585
-0.6946484163146742
-0.6946604881186501
-0.6946823895728462
-0.6946941517355695
-0.6944763354786438
-0.6947175698880965
-0.6946596470202148
-0.6947225303658733
-0.6947425650024613
-0.6947562069897554
-0.6947764176439734
-0.6947898179623908
-0.6948102092439995
-0.6948233645654425
-0.6948228423416574
-0.6948453048012617
-0.6948467077017533
-0.6948790726130489
-0.6948802588664084
-0.6949127717146969
-0.6949137442462781
-0.6949464030607104
-0.6949471652462229
-0.6949799679352985
-0.6949805500444814
-0.6950133007683026
-0.6949800438209237
-0.6949142585024939
-0.6950085080989539
-0.6950391846952604
-0.6950418087512255
-0.6950726206947877
-0.6950750447451702
-0.6951059907728796
-0.6951082177891769
-0.6951392961304128
-0.6951413285826047
-0.6951725378960159
-0.6951743778080151
-0.6949839604679728
-0.6952071069227648
-0.6951971835616917
-0.695240184245544
-0.6952303637009167
-0.6952731846283656
-0.6952461967384336
-0.6952682987615101
-0.6952972509197397
-0.6953011586848021
-0.6952411568769823
-0.6953317327261636
-0.6953237675254021
-0.6953647556961
-0.6953566378241852
-0.6953977108613336
-0.6953894436653331
-0.6954306000391708
-0.6954221859620899
-0.6954634245433357
-0.6954548304163559
-0.6954961604602109
-0.6954874585818824
-0.6953015274780627
-0.6955302170663138
-0.6954866900733281
-0.6955150426444141
-0.6955542288806984
-0.6955476045719396
-0.6955868715832002
-0.6955801022913153
-0.6956194557065842
-0.6956125376031197
-0.6956085800883967
-0.6956533919212857
-0.6956346373987956
-0.6956859270091614
-0.695667107681947
-0.6957183981551948
-0.6956995080694985
-0.6957508068698295
-0.6957318407323658
-0.6957831549979465
-0.6957641075795766
-0.6958154442297391
-0.6957963098904549
-0.6956327290934325
-0.6958004458034952
-0.6958403820612288
-0.6958235646847444
-0.6958726196888239
-0.6958557144477759
-0.6959047927575802
-0.6958878019214194
-0.695936902581955
-0.6959198281656835
-0.6959222388924404
-0.6959650339722193
-0.6959467646404518
-0.6959970719937609
-0.6959788186240459
-0.6960290518670769
-0.6960108085921413
-0.6960609740447757
-0.696042734538914
-0.6960928335305111
-0.6960745970214663
-0.696124631407204
-0.6959162918918684
-0.6961078820661372
-0.6959494130892123
-0.6961515904322566
-0.6961310454785437
-0.6961833288667001
-0.6961627866068268
-0.6962150108186917
-0.6961944663170909
-0.696246636434287
-0.6961906702792979
-0.6962276840683529
-0.6962677683341209
-0.6962593320967714
-0.6962993475731971
-0.6962908255265481
-0.6963309358056946
-0.696322363003955
-0.6963624577871453
-0.6963538382960562
-0.6963939167061456
-0.6963852507946025
-0.6963977496961318
-0.6962536942421691
-0.6964205289866601
-0.6964095556204731
-0.6964519404606234
-0.6964409149659715
-0.6964832888781622
-0.696472210503268
-0.696514575775294
-0.6965034436364643
-0.6965451543266623
-0.6964801224612884
-0.6965362021808774
-0.6965665567552599
-0.6965674321298411
-0.6965978099820077
-0.6965985947874649
-0.6966289986457238
-0.6966296922081565
-0.6966597046459414
-0.6966608025790406
-0.6966606080271669
-0.6966957336478232
-0.6965030529824557
-0.696684892550281
-0.696716888030068
-0.6967159735113883
-0.696747840413384
-0.6967469988859614
-0.6967787331346103
-0.6967779691280572
-0.6968095671575851
-0.6968088860680983
-0.6968403435560373
-0.6967977957381766
-0.696841195948231
-0.6968611546238399
-0.6968720699181503
-0.6968919667756088
-0.696902885222901
-0.696903167484304
-0.6969278492363111
-0.6969251593862922
-0.6969584481293599
-0.6969558885529294
-0.6969889932139752
-0.6968689686514062
-0.6969881868396419
-0.6970097671916738
-0.697018863061972
-0.697040341040756
-0.6970494837542403
-0.6970708548142196
-0.6970800499834354
-0.6971013096947853
-0.6971105626089127
-0.697131706657826
-0.697141023366237
-0.6971620469339662
-0.696935688733217
-0.6971729320888871
-0.6970439285087009
-0.6971876971700615
-0.6971950472384977
-0.6972179802381019
-0.6972254266187934
-0.6972482088450458
-0.6972557511101147
-0.6972783837037325
-0.697233099987479
-0.6972875421909421
-0.697298791655007
-0.6973178250477263
-0.6973289968422509
-0.6973480522730582
-0.6973591409258313
-0.6973782250142306
-0.6973892258332005
-0.6974083448283688
-0.697419252599857
-0.6974384125748758
-0.6973968844599103
-0.6973158762766475
-0.69744452747059
-0.6974616721564937
-0.697474504009772
-0.6974917021938919
-0.6975044252259442
-0.6975216760456585
-0.6975342919529972
-0.6975515943823644
-0.697564104999301
-0.6975613223356403
-0.6975829245136631
-0.6975841446762399
-0.6976128216021489
-0.6976139819621552
-0.697642663569759
-0.6976437586530644
-0.6976724516355025
-0.6976566085497963
-0.6976786913163853
-0.6976937929597715
-0.6977082935594595
-0.6976004540695309
-0.6977251034046851
-0.6977281545475966
-0.6977547905144614
-0.6977577738622764
-0.6977844202745687
-0.6977873378179833
-0.6978139935062633
-0.6978168472735755
-0.6978435113386705
-0.6978463030655526
-0.6978555213231346
-0.6978744259896473
-0.6978659513587281
-0.6979039373130487
-0.6978954270283673
-0.6979333894506582
-0.6978647523939858
-0.6979298717550992
-0.6979545939033285
-0.6979591510698682
-0.6979839777781571
-0.6979883827931349
-0.6979151049582349
-0.6980149179083802
-0.6980082426130585
-0.6980442153839262
-0.6980373715605122
-0.6980734969506148
-0.6980665586467449
-0.6981027277175493
-0.6980956913468137
-0.6981319090048965
-0.698124770100489
-0.6981610419940949
-0.6981537959386778
-0.697974971603478
-0.6981916424417614
-0.6980139136855594
-0.6981783335224612
-0.6982126902914363
-0.6982073062615686
-0.6982417488506408
-0.6982362273745348
-0.6982707596812672
-0.6982650972044264
-0.6982611302499369
-0.6983012585017162
-0.6982845072122535
-0.6983302278780615
-0.6983134095094263
-0.6983591454646334
-0.6983422552748091
-0.6983880127614719
-0.698371045690878
-0.69841683022963
-0.6983997818920771
-0.6984455996191969
-0.6983571838661564
-0.6983418775047767
-0.6984239661132212
-0.6984678394740389
-0.6984526510142507
-0.6984965843099757
-0.6984812831064935
-0.6985252806246908
-0.6985098628049521
-0.6985539295407334
-0.6985383915662399
-0.6985825321596113
-0.6985668703344448
-0.6983954503661217
-0.69860768305711
-0.6985908619227601
-0.6986361903287427
-0.6986194084142561
-0.6986646430407905
-0.6986479060336344
-0.6986903441518586
-0.698690025081781
-0.6986761618532943
-0.6986638586895307
-0.6987168679936709
-0.6986983748181851
-0.6987452198583944
-0.6987268012587271
-0.6987735189971985
-0.6987551795260717
-0.6988017670626673
-0.6987835108078193
-0.6988299644445677
-0.6988117960994096
-0.6988581125436071
-0.6987110311604577
-0.6988415551264804
-0.6988769331440605
-0.6988698033257494
-0.6988976146951552
-0.6989100216465084
-0.6988900637341248
-0.6989380694802753
-0.6989182290273388
-0.6989660704671165
-0.6989463467553163
-0.6989940254483153
-0.6987956805524529
-0.6989760616752709
-0.6990128146486849
-0.6990041419899375
-0.6990407951086796
-0.6990321738586533
-0.6990687233158179
-0.6990601585387517
-0.6990966003289052
-0.6990880971926657
-0.6991244277659046
-0.6990534128892137
-0.699117419929374
-0.6990250069288777
-0.6991479528891418
-0.6991375426553434
-0.6991757346574413
-0.6991654008368919
-0.6992034684135806
-0.6991932099068692
-0.6992311548999151
-0.6992209710814156
-0.6992587947197898
-0.6991274440130021
-0.6992502537209988
-0.6992772503985051
-0.6992779945793703
-0.6993049125145371
-0.6993056870891623
-0.699332522053285
-0.6993333330533651
-0.6993600801455242
-0.6993609327695319
-0.6993587470853493
-0.6993923228094487
-0.6991761290405181
-0.6993822351714765
-0.6994108021964799
-0.6994098137827524
-0.6994382610861791
-0.6994374093613513
-0.6994657169460563
-0.699464908833991
-0.6994931276982019
-0.6994923646358009
-0.6995204941195976
-0.6994346161114315
-0.699521185048499
-0.6995386852318415
-0.69954859244034
-0.6995660317100725
-0.6995759532373295
-0.6995804140703337
-0.6995981444592945
-0.6995955253934382
-0.6996253558479768
-0.6996228243091841
-0.6996525248473373
-0.6994926158060312
-0.6996516528602679
-0.6996707010386485
-0.6996788992914911
-0.699697850756591
-0.6997060998034894
-0.6997249509667739
-0.6997332565127889
-0.6997520064428338
-0.699760370566905
-0.6997790182429529
-0.6997472709449813
-0.6997888938739726
-0.6997783301375715
-0.6998018337970201
-0.6998083509489208
-0.6998287908267631
-0.6998353973411758
-0.6998557009708897
-0.699862400621146
-0.6998825655571623
-0.6998893617700872
-0.6999093863969439
-0.6998296217572095
-0.6999178549933055
-0.6999272632615899
-0.6999447797849379
-0.6999541138199145
-0.6999716585738455
-0.6999809143154234
-0.6999984926091729
-0.7000076659521195
-0.7000252830495179
-0.7000343696149116
-0.7000520309666212
-0.7000250427320001
-0.6999137086904559
-0.7000568355423896
-0.7000726720895891
-0.7000834949937347
-0.7000993993156561
-0.7001101071337238
-0.7001260836054364
-0.7001366734803066
-0.7001527258358179
-0.7001631943610902
-0.7001468269076494
-0.700180830584447
-0.7001807909568233
-0.7002074409935111
-0.7002073446945123
-0.7002340055585998
-0.7002338487631412
-0.7002605255883581
-0.7002457835124674
-0.7002650277404494
-0.700279319237328
-0.7002913652570657
-0.7001956199569996
-0.7003074293703553
-0.7003089568300351
-0.7003338860294834
-0.7003353214207308
-0.7003602993344105
-0.7003616390199277
-0.7003866699237713
-0.7003879104603488
-0.7004129988644909
-0.7004141366754348
-0.7004392870864026
-0.7004403181348566
-0.7002673635459506
-0.7004670806429765
-0.7004385510930828
-0.7004624315755272
-0.7004858393050817
-0.7004885695534804
-0.700512065746379
-0.7005146637457889
-0.7005382517814186
-0.7005407149828323
-0.7005311301955568
-0.7005659597567589
-0.7005580188173015
-0.7005921115894467
-0.700584100569921
-0.7006182198703964
-0.700610134867151
-0.700644285400891
-0.7006361220136371
-0.7006703092324303
-0.7006620635853344
-0.7006962924328148
-0.7006879605270153
-0.7005806123506091
-0.7006854903537694
-0.7007162737088612
-0.7007098516311154
-0.7007422541194779
-0.7007356984368589
-0.7007681910654382
-0.7007615029174599
-0.7007940852736334
-0.7007872661648383
-0.7008199374214225
-0.7008129882888814
-0.7006694902532913
-0.7008473260672894
-0.7008300921126365
-0.7008731720309499
-0.7008558264532958
-0.7008989749475891
-0.7008815153193279
-0.7009249396867149
-0.7008738969793127
-0.7009118592173336
-0.700895012181355
-0.7009446072168939
-0.7009289528217344
-0.7009703437008837
-0.7009546318353979
-0.7009960357531613
-0.7009802714815552
-0.701021684087934
-0.7010058718697891
-0.7010472894437023
-0.7010314325012182
-0.7010726120082098
-0.7010568721846673
-0.7009329804310425
-0.7010937572585374
-0.7010796048132673
-0.7011192704153497
-0.7011051280485814
-0.7011447440288006
-0.7011306074148612
-0.7011453254750706
-0.7011685662763874
-0.70115467975921
-0.7011566206151348
-0.7011914739541454
-0.7011755651496963
-0.7012168510114081
-0.7012009784373776
-0.701242187079928
-0.7012263516138338
-0.7012674829367174
-0.7012516859157438
-0.7012927389037313
-0.7012768499829393
-0.7013178972044685
-0.7011784860454492
-0.7013036481957341
-0.7013344654882266
-0.7013289030703511
-0.7013476123755333
-0.7013643094539623
-0.7013467613194651
-0.7013893842323115
-0.7013719468092015
-0.7014144189588742
-0.7013970953691998
-0.7014394143854001
-0.7012554760629377
-0.7014238674977264
-0.7014559621602529
-0.7014489814170342
-0.7014809907588103
-0.7014740563257781
-0.701505979165755
-0.701499093045709
-0.7015309285810762
-0.7015240824815325
-0.7015558234847848
-0.7014931674343865
-0.7015505171741374
-0.7014656101680082
-0.7015768843736947
-0.7015682609089553
-0.7016017395966415
-0.7015931994658684
-0.7016265525026888
-0.7016181004421981
-0.7016513250861852
-0.7016429641638249
-0.7016760574958355
-0.7015673242453652
-0.7016693777699607
-0.7016923474071748
-0.7016942109446637
-0.7017171103250751
-0.7017190040499753
-0.7017418292984379
-0.7017437581676894
-0.7017665052981409
-0.7017684972756104
-0.7017635340841832
-0.7017956325117839
-0.7016130835726344
-0.7017874775989877
-0.7018119229846778
-0.7018121758002915
-0.7018365183428265
-0.7018368360249645
-0.7018610721150205
-0.7018615011819085
-0.7018855531777927
-0.7018860795723492
-0.7019099977799568
-0.7018719357289448
-0.7019121110740475
-0.7019260422484337
-0.7019366706448654
-0.7019505491540504
-0.7019611902321981
-0.7019576386247974
-0.7019795975128336
-0.7019784905001617
-0.7020040347480052
-0.7020029837707495
-0.7020283074407981
-0.7019458438378408
-0.7020290202422739
-0.7020442287820743
-0.7020534473503017
-0.7020685752763021
-0.7020778358307757
-0.7020931672333781
-0.7021024662270947
-0.7021173342096516
-0.7021268202937571
-0.7021414675312361
-0.7021511385590771
-0.702165567651367
-0.7020560330235025
-0.7021767066886651
-0.7020208822024958
-0.7021859320120479
-0.7021942343194789
-0.702209989114909
-0.7022184799459352
-0.7022340125769982
-0.7022424225403271
-0.7022580846753518
-0.7022666057502069
-0.7022821191327864
-0.7021610731721364
-0.7022922965791802
-0.7022980686840374
-0.7023164762867302
-0.7023221122828194
-0.702340615714566
-0.7023461184289483
-0.7023647161378832
-0.7023265526202144
-0.7023744113039422
-0.7023815679985987
-0.7023983010579502
-0.7022280055461834
-0.7024072222817676
-0.7024141217639461
-0.7024312533614742
-0.7024380249291196
-0.7024552453881219
-0.7024618903330142
-0.7024791993597004
-0.70248571873467
-0.7025031155868789
-0.702509510633133
-0.7024768130082479
-0.7025286336790059
-0.7025252458219533
-0.7025523551100896
-0.7024960477188733
-0.7025534731129323
-0.7025691845244695
-0.7025771958098528
-0.702592991291654
-0.7026008822185043
-0.7026167609111662
-0.702624532896435
-0.70253177975458
-0.7026420658732513
-0.7026400702619349
-0.702665829574231
-0.7026637364395426
-0.7026895538578459
-0.702687364759349
-0.7027132391416595
-0.7027109552150115
-0.702736886442363
-0.7027345089908162
-0.7027575504151129
-0.7027619369775548
-0.7026207070194983
-0.702754457115934
-0.7027786247257083
-0.7027779799546103
-0.7028022039367264
-0.702801464120668
-0.7028257481555935
-0.7028249102921936
-0.7028492581386317
-0.7028483193878042
-0.7028091965520051
-0.702874256974363
-0.7028635907750784
-0.7028977561928004
-0.7028870225592732
-0.7029212155054315
-0.702910415546143
-0.7029446360087039
-0.7029337709699772
-0.7029680181420502
-0.7029283162338456
-0.7029615238721242
-0.7028429162685451
-0.7029859644238644
-0.7029767764422644
-0.7030093260653587
-0.7030000600998947
-0.7030326521818944
-0.7030233052006215
-0.7030559436803239
-0.7030465121877149
-0.7030792009380868
-0.7030696822756916
-0.7030741782230892
-0.703103913857719
-0.7030847087393138
-0.7031271480047753
-0.7031079088148747
-0.7031503468071512
-0.7031310714492589
-0.7031735068295109
-0.7030840799122122
-0.7031586572106452
-0.7031896825852214
-0.7031816765019867
-0.7031088553096581
-0.7032144181336649
-0.7031967064547253
-0.7032375293507569
-0.7032197491638007
-0.7032606063176862
-0.7032427571396427
-0.7032836500022617
-0.7032657283302212
-0.7033066600284277
-0.7032886624223462
-0.7033296367060056
-0.7033116848182083
-0.7031662277614819
-0.7033451412081198
-0.7033353256770889
-0.7033680621943061
-0.7033582411258779
-0.7033365804241984
-0.7033929879393184
-0.7033771124386532
-0.7034159611311945
-0.7033998774708267
-0.7034015375532106
-0.7034330057291323
-0.7034217659867028
-0.7034558244613639
-0.7034445803512175
-0.7034786095553869
-0.7034673575697594
-0.7035013611315281
-0.7034900982534071
-0.7035240797356868
-0.7035128032763371
-0.7035467654624162
-0.7034008260695576
-0.7035371418197346
-0.7035347873194706
-0.7035658180000209
-0.7035530534368435
-0.7035884034884502
-0.7035758177963775
-0.7036109592054889
-0.7035985499712341
-0.7036334848949999
-0.7036212503035841
-0.7036559812960345
-0.7035225144746076
-0.7036456633202606
-0.7036705616766211
-0.7036680685830934
-0.7036931693360048
-0.7036906084239933
-0.7037157375372975
-0.7037131114263545
-0.7037382664166276
-0.7037355786484873
-0.7037607566851443
-0.7037027043860493
-0.7037562904150967
-0.7037527658728171
-0.7037794763199365
-0.703775320900162
-0.7038018675603426
-0.7037978427963166
-0.7038242264256632
-0.703820331630917
-0.7038465528817329
-0.7038427878747275
-0.7038688475965427
-0.7037954531580426
-0.7038667334130115
-0.7038835045095411
-0.7038890780621164
-0.7039058956784795
-0.7039113825595963
-0.7039282480359548
-0.7039336480961174
-0.7039476169890768
-0.7039543513307391
-0.7039491480610653
-0.7039765168243242
-0.7038192591233908
-0.7039731043184323
-0.7039909553175387
-0.7039953825852386
-0.7040131523967325
-0.704017628221533
-0.7040353134102799
-0.7040398419530252
-0.7040574396679307
-0.7040620245320465
-0.7040795313071389
-0.704046440846136
-0.7040856710410238
-0.7040937831813592
-0.7041078336960529
-0.7041159065944403
-0.704129962176262
-0.7040727919077298
-0.7041423591455216
-0.7041453719562063
-0.7041643383633974
-0.7041674475144005
-0.7041862940685348
-0.7040950770299995
-0.704191099651496
-0.7042005473404126
-0.7042131500884384
-0.7042225305432038
-0.7042351680021841
-0.704244477830739
-0.7042571538599205
-0.7042663900256085
-0.7042791087984844
-0.7042882677978587
-0.7043010331155226
-0.7043101115327023
-0.7041548280049813
-0.704324450766965
-0.7041912956334528
-0.7043285783663165
-0.7043397640784212
-0.7043503897073071
-0.7043616438798836
-0.7043721679579733
-0.7043834926087903
-0.7043939145121902
-0.7043727965502198
-0.7044068540576195
-0.7044079676455134
-0.7044286820063477
-0.704429742205936
-0.7044504771316513
-0.7044514804398311
-0.7044722403227457
-0.7044731835938232
-0.7044939723639461
-0.7044948519712971
-0.7045156740430927
-0.7044793337849689
-0.7044433329550344
-0.7045130945895115
-0.7045323089023784
-0.7045347336180888
-0.7045539926568999
-0.704556340343214
-0.7045756431909297
-0.7045779143640234
-0.7045972610750657
-0.7045994566568772
-0.7046188468443106
-0.7046209674278002
-0.7044786382240925
-0.7046419756655802
-0.7046347868513154
-0.7046635532814522
-0.7046563196612525
-0.7046850987521204
-0.7046681547089284
-0.7046822035647192
-0.7046999641310774
-0.7047036253677142
-0.7046724242093672
-0.7047230440601979
-0.7047173803271107
-0.7047445353251232
-0.7047388197537161
-0.7047659923515182
-0.7047602260848341
-0.7047874160615726
-0.704781599833272
-0.7048088070606816
-0.7048029412076972
-0.7048301656381837
-0.704824251205816
-0.7047246464976649
-0.7048530410585728
-0.7048378412251151
-0.704874399803908
-0.7048192043499313
-0.7048636409765359
-0.7048891705218066
-0.7048848941102825
-0.7049104379844809
-0.7049061155702391
-0.7049161950147356
-0.7049332675990182
-0.7049196322467499
-0.704954532968635
-0.7049408689674754
-0.7049757653352546
-0.7049620761990529
-0.7049969649188595
-0.7049832515393195
-0.7050181315996783
-0.7050043946245439
-0.7050392659449092
-0.7050255055575184
-0.7049548173275964
-0.7050565997644203
-0.7050441812938347
-0.7050777170722484
-0.7050652907063919
-0.7050458618248895
-0.7050975940192561
-0.7050855854264946
-0.7051186385062753
-0.7051066092443437
-0.7051396513268038
-0.7051271875426234
-0.7050005405319619
-0.7051585525657724
-0.7051446608705216
-0.7051792638010327
-0.7051656855443966
-0.7052002148242454
-0.7051866949540222
-0.7052211337813084
-0.7052076761909081
-0.7052420217193434
-0.7051846515437223
-0.7052301438519462
-0.7052231129740312
-0.7052596512306386
-0.7052447195898892
-0.70528050979406
-0.7052656597505531
-0.705301338076155
-0.7052865722199824
-0.7053221363820871
-0.7053074571460267
-0.7053429047807698
-0.7052561701274623
-0.7053299067628885
-0.7053562857389617
-0.7053507690097685
-0.7053770807094748
-0.7053716019292511
-0.7053978427159632
-0.7053924055586972
-0.7054185730165969
-0.7054131808760996
-0.7054392718612326
-0.7054339282153776
-0.7054261375662274
-0.7053383519935381
-0.7054566773271601
-0.7054498326211697
-0.7054773477903059
-0.705470568246245
-0.7054979876850094
-0.7054912757374687
-0.7055185971149702
-0.7055119556944139
-0.7055391762874613
-0.705531168383531
-0.7055341329558796
-0.7055523743180244
-0.705554793950228
-0.705572981522719
-0.7055754248615295
-0.7055935558005051
-0.7055960267994842
-0.7055972076268617
-0.7056182099511811
-0.7056101775341908
-0.7056386687530367
-0.7055744241216462
-0.7056323656149239
-0.7056518720666853
-0.70565292759125
-0.7056723555837658
-0.705673461243435
-0.7056928075536653
-0.7056939668582997
-0.7057132287035207
-0.7057144450313004
-0.7057336197293436
-0.7057348960327579
-0.7057539813039383
-0.7056464098798173
-0.7057568578963839
-0.7057488787126165
-0.7057711650682992
-0.7057710049961288
-0.7057914988603464
-0.7057914172779536
-0.7058118034499
-0.7058118031178388
-0.7058320794608025
-0.7058321626311012
-0.7058523270678804
-0.7057196336161874
-0.7058541079148711
-0.7058653208952682
-0.705874445405125
-0.7058855947199327
-0.7058947546008041
-0.7059058371885083
-0.7059150361270968
-0.7059260490441903
-0.7059352906475533
-0.7059462304087136
-0.7059256892770325
-0.7059436617202982
-0.7059507590051107
-0.7059632489341892
-0.7059710023542768
-0.7059834027352846
-0.7059912182920416
-0.706003526927458
-0.7060114077476609
-0.7060236221828852
-0.7060315709022995
-0.7060436887465636
-0.7059893268779815
-0.7060532511011319
-0.7060565099000284
-0.7060733954491353
-0.7060766039738559
-0.7060935114732225
-0.7060966661303515
-0.7061135995441266
-0.7061142067438456
-0.7061207962032243
-0.7061273225685931
-0.706140755630346
-0.7060293960598059
-0.7061489963668151
-0.7061535350251151
-0.7061690466097894
-0.706173509843344
-0.7061890683964879
-0.7061934559157623
-0.7062090610334408
-0.7062133739199568
-0.7062290252632806
-0.7062332639354831
-0.7062419736508725
-0.706250456698478
-0.7062459100169504
-0.7062704104578308
-0.7062658244763209
-0.7062903356963641
-0.7062365489482796
-0.7062898750691489
-0.7063039846566443
-0.7063096858278037
-0.7063238396367498
-0.7063294696650928
-0.7062782096852089
-0.7063452685495357
-0.7063420426550497
-0.706365122377962
-0.7063618433753842
-0.7063849464462981
-0.706381615176113
-0.7064047412880766
-0.7064013586252318
-0.7064245074030374
-0.7064210738083899
-0.706444245277441
-0.7064407135196603
-0.7063359014627317
-0.7064655029600634
-0.7063617054987996
-0.7064573286532652
-0.7064791107947552
-0.7064769794743646
-0.7064988289296799
-0.7064966023527539
-0.7065185218765042
-0.7065161979093044
-0.7065381901249355
-0.7065357666368741
-0.7064040517764991
-0.7065594348002651
-0.706548250637
-0.7065790852694083
-0.7065678536513199
-0.7065987098632183
-0.7065874295601061
-0.7066183087921605
-0.7066069789361216
-0.7066378825728121
-0.7066137593198296
-0.7066190974648245
-0.7066234285745978
-0.7066528261244914
-0.7066429415400717
-0.7066723868218151
-0.7066624282742273
-0.7066919223519473
-0.7066818893095795
-0.7067114331825903
-0.7067013244795005
-0.7067309194061995
-0.706720734622052
-0.7066558477865453
-0.7067497265137526
-0.7067351988232977
-0.7067691447489879
-0.7067546559394202
-0.706788533284016
-0.7067740870480561
-0.7068078931895589
-0.7067934928458174
-0.7068166151095476
-0.7068233942428949
-0.7068145270632182
-0.7067069661695904
-0.7068434518758639
-0.7068277342123802
-0.7068627598525776
-0.7068471049350407
-0.7068820397741529
-0.7068664502918056
-0.7069012922861331
-0.7068857711878132
-0.7069205180227481
-0.7068881086345218
-0.7069065757803021
-0.7069327191771918
-0.7069258802466105
-0.7069519717409108
-0.7069451579907079
-0.7069685312340774
-0.7069749268042834
-0.7069586487757024
-0.7069943252423481
-0.7069775564014017
-0.7070134439665833
-0.7069345218518216
-0.7069983661182515
-0.7070256525330028
-0.7070175828769234
-0.7070447950058919
-0.7070367737416103
-0.707063909358621
-0.7070559396297539
-0.7070829959206657
-0.7070750807762491
-0.7071020553490623
-0.7070941976746354
-0.7071210881697882
-0.7070025139785615
-0.7071148045487337
-0.7070628383115645
-0.7071371507028229
-0.7071279154238179
-0.7071561588584613
-0.7071469979362907
-0.7071751406303469
-0.7071660565445459
-0.7071940962919075
-0.7071850917219471
-0.7072130264237335
-0.7070691611055343
-0.7072056850391996
-0.7072250527905348
-0.7072247013137203
-0.7072440080624597
-0.7072436924025882
-0.707262935041829
-0.70726265860823
-0.7072818343120036
-0.7072816001752091
-0.7073007065425506
-0.7072652647217279
-0.7072513925126187
-0.7072960332319597
-0.7073166189964146
-0.7073149655458389
-0.7073354667316589
-0.7073338731238932
-0.7073542876902921
-0.7073527568531472
-0.7073730821722315
-0.707371617154311
-0.7073918511087681
-0.7073239938245108
-0.7073919772025086
-0.7074037221430186
-0.7074108214384229
-0.7074225173396345
-0.7074296401592669
-0.7074412838082207
-0.7074484337501503
-0.7074140899984271
-0.707463936735321
-0.7074611806059173
-0.7074826021813795
-0.7073658089216204
-0.7074815518402511
-0.7074944817989487
-0.7075003121314631
-0.7075131703882697
-0.7075190477085611
-0.7075318323562183
-0.7075377594383447
-0.7075504677996539
-0.7075564475132448
-0.7075690769140983
-0.7075696923751091
-0.7075765849915358
-0.7075807968641298
-0.7075952594829452
-0.707563534485762
-0.7076034025983724
-0.7076080021917853
-0.7076219605467275
-0.7076266337374354
-0.7076404931797022
-0.7076452414729645
-0.707659001162687
-0.7076209320888509
-0.7076653799399575
-0.7076707255574199
-0.7076839710559184
-0.7076892580563359
-0.7077025377804672
-0.7077077634071532
-0.7077210803603546
-0.7077262418373932
-0.7077395990701894
-0.7077447018666324
-0.7077581021829106
-0.7077631248262264
-0.7076806903238001
-0.7077507360482279
-0.7077721981159939
-0.7077786667699871
-0.7077906849061375
-0.707797070537624
-0.7078091485052762
-0.7078154484642764
-0.707827589108855
-0.7078338015797321
-0.7078460074371806
-0.7078521300361003
-0.7077430822343169
-0.7078659515057026
-0.7078636978834713
-0.7078843613873917
-0.7078820471791842
-0.7079027449623343
-0.707900371063412
-0.7079211029728791
-0.7079013460046144
-0.7079225363248214
-0.7079148324137972
-0.7079350744459458
-0.7079341166937417
-0.70795342006024
-0.7079523925233102
-0.7079717430895665
-0.7079706411498624
-0.7079900443864907
-0.7079888631955737
-0.7080083241374263
-0.7080070588378038
-0.7080267477058773
-0.7080252882320999
-0.7079771422211711
-0.7080463347352588
-0.7080367229536968
-0.7080645831973404
-0.7080549496601521
-0.708082806302367
-0.7080176153686739
-0.7080770466996633
-0.7080952519681619
-0.7080951957745929
-0.7081134404359558
-0.7081133222566416
-0.7080051060062259
-0.7081330453438084
-0.7081247670385953
-0.7081512104562623
-0.7081428888725456
-0.7081693527810023
-0.7081609870961313
-0.7081874724748087
-0.7081790615601369
-0.7082055699420748
-0.7081971131017112
-0.7081884453858465
-0.7082242342791609
-0.7082091867931991
-0.7082422894003075
-0.7082272594762957
-0.7082214679500318
-0.7082553926286919
-0.7082483797575467
-0.7082734350723292
-0.7082663533238077
-0.708291455779076
-0.708284304530102
-0.7082279289853097
-0.7083113684917816
-0.7082951318112435
-0.7083293215335709
-0.708313125951272
-0.7083472513384961
-0.7083310979107216
-0.7083651580837194
-0.7083490481659347
-0.7083830422570644
-0.7083669767464637
-0.708400904016751
-0.7082535714751905
-0.7083863664796147
-0.7083184627718064
-0.7084143250408672
-0.7084002353685226
-0.7084322236066882
-0.7084180601298209
-0.7084501006565669
-0.7084358625701331
-0.7084679565347866
-0.7084536431496979
-0.7084727751053941
-0.7084804729891028
-0.7084715676238693
-0.7084982675356225
-0.7084894005417877
-0.7085160363909031
-0.7085072107766646
-0.7085337801053494
-0.7085249987872069
-0.7085514988768695
-0.7085427647934945
-0.7085573860967427
-0.7085129249532962
-0.7085663883254489
-0.7085563081258603
-0.7085840860238368
-0.7085740659699789
-0.7086017594325213
-0.7085918019909744
-0.7086194088277583
-0.7086095166157985
-0.7086370346879507
-0.7086272099800875
-0.7086546375733304
-0.7085567192910869
-0.708646413340116
-0.7086656682648382
-0.7086640922695897
-0.7086832957014628
-0.7086817484006931
-0.708700897538495
-0.7086993819965883
-0.7086576378449267
-0.7087222616686976
-0.708711214847897
-0.7087397653332714
-0.7086001826443644
-0.7087304236159777
-0.7087508057186424
-0.7087480275012503
-0.7087683384542466
-0.708765609520732
-0.7087858466687557
-0.708783169853463
-0.7088033313790005
-0.7088007092100361
-0.7088207923379244
-0.7087986953721006
-0.7088197045333351
-0.7088316860658999
-0.708837231609333
-0.7087941434949079
-0.7088530088850263
-0.7088490673154616
-0.7088704241036217
-0.7088665562728486
-0.7088878167625602
-0.708884024743126
-0.7089051869963037
-0.7088494197181393
-0.7089030211251766
-0.7089160868475274
-0.7089204739023839
-0.7089334805568497
-0.7089379045015407
-0.7089508497383226
-0.7089553133815547
-0.7089681950155146
-0.7089727010348315
-0.708985662195397
-0.7089900985150204
-0.7090029461806842
-0.7089177809506204
-0.7089607155610311
-0.7090033352298849
-0.7090174777891137
-0.7090207159493931
-0.7090347461907593
-0.7090380744339476
-0.7090519931645897
-0.7090554112350229
-0.7090692190625805
-0.709072726635511
-0.7090864240315053
-0.7089894056330075
-0.7090915454859654
-0.7090972953245189
-0.7091088592426473
-0.7091145133609277
-0.7091261500031734
-0.7091211989051103
-0.7091353313355602
-0.7091379827732447
-0.7091524222708119
-0.7091552074082664
-0.7091694942091291
-0.7090610306599145
-0.7091737592169282
-0.7091802969049448
-0.7091909906642793
-0.7091974369548484
-0.7092081996865014
-0.7092145551964939
-0.7092253863830128
-0.7092316517929264
-0.7092425539199982
-0.7092487291839344
-0.7092596949284407
-0.7092657842459312
-0.7091391486757255
-0.7092783024024192
-0.7091858267263358
-0.7092801417423309
-0.7092898980940198
-0.7092971804476217
-0.7093070027537137
-0.7093141975937569
-0.7093240858087846
-0.7093311939298754
-0.70931857574367
-0.7093426482723431
-0.7093418365777109
-0.7093597347804875
-0.7093588440508154
-0.7093767995962511
-0.7093758283349481
-0.7093938246777722
-0.7093927948188354
-0.7094108395161094
-0.7094097393182444
-0.7094278324822527
-0.7094063915598301
-0.7093928955708851
-0.7094239859442064
-0.7094407525436524
-0.7094409157878195
-0.7094577294958495
-0.709457823223993
-0.7094746858177892
-0.70947470820278
-0.7094916222320931
-0.7094915708822835
-0.7095085388340663
-0.7095084117183432
-0.7094291178710006
-0.7095270653673355
-0.7095189298821377
-0.7095439933830832
-0.7095358374414706
-0.7095607321409303
-0.7095526733503379
-0.7095775984953469
-0.7095119651849747
-0.7095731918675344
-0.7095764701918199
-0.7095905185404219
-0.7095837188639071
-0.7096072508831367
-0.7096005141141589
-0.7096240840406887
-0.7096172864050174
-0.7096408967860686
-0.7096340359203336
-0.7096576895872253
-0.709650763135816
-0.7096744625201209
-0.7096674682189051
-0.7096346478648718
-0.7096928403147671
-0.7096777076728336
-0.7097096027773347
-0.7096943737229563
-0.7097263040891881
-0.7097111075104525
-0.709707749725302
-0.7097373551866336
-0.7097316393629232
-0.7097540626885418
-0.7097482585816559
-0.7096757915236924
-0.7097723301425318
-0.7097586280106852
-0.709788989680044
-0.7097752699783771
-0.7098056623057107
-0.7097918887852263
-0.7098223147714495
-0.7098084853422
-0.7098389475357119
-0.709825059816568
-0.7098555609469958
-0.7098416123708164
-0.7097342200549013
-0.7098440836939277
-0.7098682041040464
-0.7098555494664217
-0.7098848107109812
-0.709872083206052
-0.7099013978566278
-0.7098885957024871
-0.7099179659333659
-0.7099050870021578
-0.7099111173581116
-0.7099302022265477
-0.7099210744000817
-0.7099467127198232
-0.7099376236369153
-0.7099632006628573
-0.7099541530516741
-0.709979666243467
-0.7099706628423155
-0.7099961099418594
-0.709987153135022
-0.7100125319224463
-0.7099349869804105
-0.7100050741223707
-0.7098968602345875
-0.7100263821142161
-0.7100161771006459
-0.7100427850131882
-0.7100326409482578
-0.7100591663936138
-0.7100490858551491
-0.7100755272715881
-0.7100655121948948
-0.7100918676822261
-0.7099881343191545
-0.7100834449768116
-0.7101019804357019
-0.7100998556197148
-0.7101183349321261
-0.7101162469538761
-0.710134669105784
-0.7101326190782817
-0.7101509831185251
-0.7101489723703055
-0.7101196692021935
-0.7101710705117056
-0.7100299977613833
-0.7101614621724824
-0.7101809819992704
-0.7101778070764375
-0.7101972511137875
-0.7101941330000338
-0.7102135006908876
-0.7102104402905138
-0.7102300994884312
-0.7102267772319778
-0.7102462908211182
-0.7102371905513815
-0.7102445367555567
-0.7102559324445817
-0.7102608909920781
-0.7102677937911748
-0.7102760490082698
-0.7102717638779225
-0.7102922014220143
-0.7102880454505776
-0.7103083365428795
-0.7103043084034819
-0.7103244546637099
-0.7103080649767618
-0.7103221361199072
-0.7103346483533985
-0.7103383898323811
-0.7103507520659585
-0.7103546241100361
-0.710366838305363
-0.7103708394110052
-0.7103829071139048
-0.7103870359397567
-0.7103989585282338
-0.7104032136404957
-0.7104132567261892
-0.7104183264644356
-0.7102731217126166
-0.7104155375930831
-0.710428433798174
-0.7104316996380324
-0.7104444479179515
-0.7104478426631662
-0.7104604449141435
-0.7104639668650437
-0.7104764245547865
-0.7104800726914556
-0.7104923871526094
-0.7104961600755125
-0.7105083327362718
-0.7103921454305937
-0.7105136070188708
-0.7105183196578155
-0.7105296184120202
-0.7105059733172652
-0.710537751088717
-0.7105403585425156
-0.7105536995873849
-0.7105563936187894
-0.7105696289106326
-0.7105536236121546
-0.710573875584217
-0.7105796321824954
-0.710589911489081
-0.7105955721308287
-0.7106059285068607
-0.7106114917147279
-0.7106219269114493
-0.7106273909724445
-0.7106379062549701
-0.7106432712852253
-0.7106538664130111
-0.7106591326951557
-0.7106271776676281
-0.7106711927815136
-0.7105638429157737
-0.7106724915723479
-0.7106819086614331
-0.7106883391956087
-0.7106978348001018
-0.7107041679886328
-0.7107137415971903
-0.7107199780042236
-0.7107296293153996
-0.7107357692873278
-0.7106801261119978
-0.7107469404849456
-0.7107454198031888
-0.7107628006332813
-0.7107612449039387
-0.7107786413479297
-0.7107770477714815
-0.7107944628307679
-0.7107928290136016
-0.7108102655500801
-0.7107830650831766
-0.7108121685617405
-0.7107014933103648
-0.7108222468793033
-0.7108219444009239
-0.710838059709802
-0.7108376758031263
-0.710853852614471
-0.7108533881026297
-0.7108696261065524
-0.7108690813568419
-0.7108853804749314
-0.7108847556163453
-0.7108885571086037
-0.7109025227509127
-0.7108943222403913
-0.7109182563515736
-0.7109100287781267
-0.7109339703599357
-0.7109168801130179
-0.7109293259760079
-0.7109444263873623
-0.7109449473985554
-0.710960108130167
-0.7109605498299956
-0.7109195544690821
-0.7109772552648741
-0.710970154542921
-0.7109929256957495
-0.7109857793614072
-0.7110085773850597
-0.7110013833915481
-0.711024210789455
-0.7110169668008816
-0.7110398260463149
-0.7110325297576956
-0.711055423524151
-0.7110480727098658
-0.7109720906504535
-0.7110724302844482
-0.7110119839014958
-0.7110612034465293
-0.7110828431076803
-0.7110767282853556
-0.711098416697887
-0.7110922337915356
-0.7111139727879688
-0.7111077280893523
-0.7111295053679587
-0.7111231991395772
-0.711017276286366
-0.7111465144429718
-0.711132667144778
-0.711162043048543
-0.7111481568693014
-0.7111775531689629
-0.711163625584695
-0.711193044944947
-0.7111790738596274
-0.7112085190427787
-0.7111945019252137
-0.7111828217447855
-0.7111930269833104
-0.7112202298879141
-0.7112075251055942
-0.7112356918626468
-0.7112229403817318
-0.711251134305362
-0.7112383364919009
