1.817998383844998
2.150588728053549
0.2913692601820627
0.5713807992694502
0.205064892043546
0.3390656793393867
0.2353220045287162
0.2225181917700666
0.1340602714205532
0.2162693671114739
0.07796995630018583
0.1555827353168549
0.07332729647120373
0.1632828072892457
0.03948498314580948
0.1082252533390736
0.04967799238684639
0.1109098161861211
0.01696567076779175
0.08036238864760689
0.02651520015546606
0.07137345573459614
0.004041653719924349
0.05334588094310871
0.01162667742876404
0.04582574424378469
-0.009591891802919972
0.03402082802751036
-0.00125328549802059
0.02598402382526577
-0.02058692445606183
0.01816390419559286
-0.01522309371359537
0.01245236383448581
-0.02874222273374089
0.00281859194789158
-0.02465820504721553
-0.001116985144547139
-0.03762509404258835
-0.008479846003509844
-0.03334920209926864
-0.01255954688817543
-0.04565747998642233
-0.01836269290929335
-0.0410082293112225
-0.02272187556062835
-0.05283304167892933
-0.02729044152838636
-0.04781386250249961
-0.03172201339779548
-0.05880956922049027
-0.03542167930246834
-0.05536909497250778
-0.03879281932113898
-0.06443496789155745
-0.0433838270117837
-0.06085717895330939
-0.04612627129376135
-0.07001396340231042
-0.04968892638147099
-0.0665090460947545
-0.0527798961278331
-0.07506573680686765
-0.05584383877437674
-0.07206806504697477
-0.05830370293006576
-0.07943858300977358
-0.06208156323735758
-0.07660560595386443
-0.06402292963726919
-0.08399166661998103
-0.06731580629742823
-0.08093635372903191
-0.06934319837918851
-0.0882860920385288
-0.07221343243353398
-0.08500694700666184
-0.07432128986186937
-0.09184653318234831
-0.07688446715441646
-0.08960962994332955
-0.07857943910077922
-0.0957812562628354
-0.08145189487737545
-0.09298820845799172
-0.08298303500376822
-0.09915864060388394
-0.0854114781554704
-0.09713402008809097
-0.08679940091294922
-0.1026000906219124
-0.08966955532907175
-0.1001559668159756
-0.0907388920261385
-0.105783282264254
-0.0930878098331325
-0.1039499371888209
-0.09421224439084255
-0.108831091922263
-0.0970631998178195
-0.1066694720801944
-0.09779276340050075
-0.1118353248006884
-0.1000372767778489
-0.1101646139481894
-0.1009637922669048
-0.1145761818337891
-0.1034962015389409
-0.1129308507258511
-0.1042206906840667
-0.1174831547121409
-0.1064171397438195
-0.1158161022452614
-0.1071411923951952
-0.1199198050753915
-0.1098474970768856
-0.1182148287926181
-0.1101541931607753
-0.1225335637438937
-0.1124710103828551
-0.1209129581510168
-0.113037998652126
-0.12504852232378
-0.1151469154121137
-0.1234917834691059
-0.1156533811414579
-0.1273446813748564
-0.1180700494680444
-0.1256893054432811
-0.1183443446838143
-0.1297067752850279
-0.1203904676424178
-0.1282479361022475
-0.1207826969962189
-0.1318568859816237
-0.1230233340452109
-0.1304269187106493
-0.1232821631135306
-0.1341090535494143
-0.1253031000312213
-0.1326787794660646
-0.1255730125211426
-0.1361119109489074
-0.1278467170768795
-0.1346631332803813
-0.1279274576869898
-0.1382264423704296
-0.1298992208851431
-0.1368768416191179
-0.1300840602467527
-0.1401243007450457
-0.132229161834012
-0.1388170104002193
-0.1322886742418685
-0.1421427259632831
-0.1342392180528967
-0.1408134521487141
-0.1343259699245569
-0.1439388438682492
-0.1364384064902365
-0.1426526332575241
-0.1364078150786487
-0.1458526468820002
-0.1383392997031415
-0.1445385401707407
-0.1383395799768769
-0.147567345933681
-0.1404165837532565
-0.1462860463953831
-0.1403117289441546
-0.1493803024122475
-0.1422254135582382
-0.1480775014165578
-0.1421471600605988
-0.1510246916394804
-0.1441084114612282
-0.1498116453508766
-0.1440290389061989
-0.1527224273687679
-0.1459053794211028
-0.1514664159694756
-0.1457805401484367
-0.1543790929335024
-0.1476476490049035
-0.153132546103389
-0.1474879044485045
-0.1558727484277506
-0.1494128143439582
-0.1547763519421026
-0.1492379997968768
-0.1574986898879322
-0.1510721240486639
-0.1562948817195102
-0.1508726710307144
-0.1589547970777249
-0.1528268859307697
-0.1577807742124291
-0.1525362346725102
-0.160503323906119
-0.1543519937428732
-0.1593055775466971
-0.1541014071938489
-0.1619846921391277
-0.1559079226694904
-0.1607985376154142
-0.155633952259852
-0.1633267783205719
-0.1574314535151703
-0.1623356567916219
-0.1572002960457513
-0.164793157458014
-0.1589762311064829
-0.1636441926881368
-0.1586715044136418
-0.1661862858319303
-0.1604397949629932
-0.1650491065748901
-0.1601139468694382
-0.1674468060741185
-0.1620151791496532
-0.1663682801423329
-0.1615802440087981
-0.1688497989280713
-0.1633345780325146
-0.1677199412146348
-0.1629681438875946
-0.1701645678688808
-0.1647160947283877
-0.169046579229054
-0.1643304391695493
-0.1713551339102109
-0.1662017319815848
-0.1702985266937774
-0.16571450281624
-0.1726814605611368
-0.1674508328514959
-0.1715775437470128
-0.1670280141042605
-0.1739261122457436
-0.1687560678308482
-0.1728347509518509
-0.168321138438268
-0.1750629414376791
-0.170154990750595
-0.1740234645422502
-0.1696317513263366
-0.1763176942494896
-0.1713438159104143
-0.1752348425280428
-0.1708808992487777
-0.1774993390656214
-0.1725858856558841
-0.1764251551300851
-0.1721074632913655
-0.1785924470284533
-0.1739076914819906
-0.1775537370206734
-0.1733519108019574
-0.1797799939258893
-0.1750444980537539
-0.178703205470227
-0.1745412487635778
-0.1809098910599624
-0.1762242106386646
-0.1798343104218574
-0.1757115982824175
-0.182019489614746
-0.1773853232794715
-0.1809505755929453
-0.1768637033143608
-0.1830333284701637
-0.1783668314839978
-0.1822764046339465
-0.1780328786460292
-0.1841529491658209
-0.1796872674743204
-0.1830995097833306
-0.1791499387203406
-0.1852122619713187
-0.1807959240797777
-0.1841655793296614
-0.1802502805631085
-0.1862582327370018
-0.1818882056371699
-0.1852132843859315
-0.1813345307170153
-0.1872180196668375
-0.1827715851342594
-0.1864985145739067
-0.1824340249495091
-0.1882694768143775
-0.184055051958548
-0.1872392125737911
-0.1834871271297987
-0.1892707156783448
-0.1851007704353695
-0.1882424303634445
-0.1845254165473233
-0.1902579510211817
-0.1861318688695103
-0.1892317116254002
-0.1855493035363041
-0.1912315015929414
-0.1871486901794495
-0.1902073518517052
-0.1865591205577299
-0.1921917425719808
-0.1881516730698659
-0.1911698054708107
-0.1875551508958262
-0.1930665168139937
-0.1889141260005111
-0.19241079365314
-0.1885647542591099
-0.1940444668452403
-0.1901425607586196
-0.1930353554309637
-0.189534621251116
-0.194966938992827
-0.1911061726666273
-0.1939601159347205
-0.1904918484041047
-0.1958774225531399
-0.1920573116649044
-0.1948730192255147
-0.1914367290047345
-0.1967760590685526
-0.1929965474387859
-0.1957743121864009
-0.1923696012243653
-0.1976633929304858
-0.1939239695622181
-0.1966643141940408
-0.193290854442726
-0.1985398596884874
-0.1948396523944514
-0.1975432852768961
-0.1942007430285632
-0.1994055112995461
-0.1957440661949542
-0.1984114617971378
-0.1950994917886932
-0.2002606200206953
-0.1966374949437157
-0.199269178060229
-0.1959873100826161
-0.2010388776064496
-0.1972448145701502
-0.2004532547808923
-0.1968865361717496
-0.2019172619772933
-0.1984122519798594
-0.2009367270574459
-0.197753442553123
-0.2027421423002365
-0.1992724805108883
-0.2017647696274329
-0.198612164005609
-0.2035575451697759
-0.2001245539943233
-0.2025828829275259
-0.1994591344659682
-0.2043636229591491
-0.2009668521410073
-0.203391699910845
-0.2002964020759214
-0.2051602967833445
-0.2017978411706625
-0.2041916945668903
-0.2011260172356261
-0.2059481011677538
-0.2026195372810322
-0.2049827984513767
-0.2019464163218978
-0.2067271964158562
-0.2034321458572351
-0.2057652072097793
-0.2027578016438091
-0.2074977731781095
-0.2042358655490696
-0.2065390877089084
-0.2035603975803154
-0.2082601441503258
-0.2050306614076911
-0.2073044419363055
-0.204354502315136
-0.2090140754268441
-0.2058189984657815
-0.2080614184177386
-0.2051381770508409
-0.2097599927703871
-0.206597128057297
-0.2088107213481653
-0.2059152746043875
-0.2104981216252099
-0.2073671020400445
-0.2095522183551021
-0.2066842777895037
-0.2112285989737241
-0.2081290894566011
-0.210286070556759
-0.207445353319022
-0.2119515819753649
-0.2088832541478003
-0.2110124341309685
-0.2081986628084556
-0.212667222993919
-0.2096297278147176
-0.2117316193758294
-0.2089445496855174
-0.2133756802346368
-0.2103685087593938
-0.2124432590618848
-0.2096827001907667
-0.2140770360852835
-0.2110999314209859
-0.2131478528240338
-0.2104135418599584
-0.2147714804985153
-0.2118241408033097
-0.2138455389467623
-0.2111372178590124
-0.215459148488468
-0.2125412776660807
-0.2145364516808982
-0.2118538193674287
-0.2161418194113771
-0.2132514281514492
-0.2152189568749948
-0.2125635696986045
-0.2168179536893288
-0.2139547740462559
-0.2158949588583225
-0.2132665299208342
-0.2174860609854337
-0.2146514780092337
-0.2165661727785162
-0.2139629575928168
-0.2181476704286411
-0.2153417567091019
-0.2172311628859341
-0.2146526716733853
-0.2188046852158054
-0.2160255587091598
-0.2178882901901938
-0.2153359674475543
-0.2194540743132657
-0.2167030985268209
-0.2185410791002924
-0.2160129836728192
-0.2200990849081577
-0.2173743962886127
-0.2191862560248435
-0.2166838658509136
-0.2207382557391788
-0.2180396109133027
-0.2198256186293005
-0.2173486995135707
-0.221371691737243
-0.2186988515979154
-0.2204592709078166
-0.218007590058464
-0.2219979871961266
-0.2193522714660353
-0.2210889531983173
-0.218660608716689
-0.2226202468735661
-0.2199998628070622
-0.2217114369611181
-0.21930783089236
-0.2232353786246735
-0.220641952852221
-0.2223300851309961
-0.219949384332894
-0.2238466515760304
-0.2212784319323672
-0.2229417735671317
-0.2205854430125894
-0.224028584430968
-0.2218905534604915
-0.223992013573871
-0.2212150618712135
-0.2246280759624431
-0.2225176589731287
-0.2245952471238283
-0.2218393016879821
-0.2252238678462447
-0.2231395263638987
-0.2251919640793056
-0.2224582721586654
-0.2258132369135589
-0.2237559702736402
-0.2257851943818735
-0.2230721137886007
-0.2263977122016607
-0.2243672943559973
-0.2263735230822175
-0.2236808288967456
-0.2269787326502367
-0.2249739155150881
-0.2269554333113901
-0.2242845320856018
-0.2275550104395658
-0.2255755808935155
-0.2275326153243022
-0.2248832631944226
-0.2281252515962533
-0.226172161583658
-0.2281065782564005
-0.2254771910200759
-0.2286909103869297
-0.2267639464478652
-0.2286759508467764
-0.2260663591500004
-0.2292520599675921
-0.2273510119204877
-0.2292408060238643
-0.2266508432252888
-0.2298087717546244
-0.2279334326228368
-0.22980116809979
-0.2272305914575023
-0.2303611855584336
-0.2285112664844582
-0.2303571377208723
-0.2278058984917581
-0.2309091644491099
-0.2290844718755485
-0.2309088807617887
-0.2283767519529538
-0.2314541820882104
-0.2296535574664668
-0.2314548906389687
-0.2289431680800908
-0.2319937188285602
-0.2302180439790771
-0.2319966517017746
-0.2295051369257603
-0.2325317989226261
-0.230778402450559
-0.2325329679357811
-0.2300628741935561
-0.2330658173249569
-0.2313345263622289
-0.2330652530078258
-0.230616408258427
-0.2335945554608378
-0.2318863361904481
-0.2335948860017023
-0.2311657775765771
-0.23412063063249
-0.2324341793632702
-0.2341192873772419
-0.2317111037415918
-0.2346428229040507
-0.2329779742161931
-0.2346397997310343
-0.2322522810234978
-0.2351599978407884
-0.2335176505917311
-0.2351577922271016
-0.2327895061170231
-0.2356746540239148
-0.2340521753906463
-0.2356706896294419
-0.2333241134730083
-0.2361842992284984
-0.234582667143661
-0.2361811546637986
-0.233854971821343
-0.2366901927506802
-0.2351093503355775
-0.2366879745391725
-0.2343819727305107
-0.2371924577370334
-0.2356323802832923
-0.2371910856953132
-0.2349052211802564
-0.2380736283267917
-0.2361671652853686
-0.2372921864845982
-0.2354244777788361
-0.2381843032825095
-0.2366687459027418
-0.2381885474146323
-0.2359391754602333
-0.238676076496896
-0.2371808285883629
-0.2386811797614821
-0.2364515067004941
-0.2391644316987726
-0.2376905528783596
-0.2391705471751922
-0.2369590922523856
-0.2396494106457934
-0.2381955881720334
-0.2396564091823133
-0.2374642908195526
-0.2401311649314649
-0.2386971819545199
-0.2401389506891524
-0.2379660477281564
-0.2406096506742696
-0.239196534890994
-0.2406183617501436
-0.2384632241638462
-0.241084885019265
-0.2396913650587819
-0.2410944280377719
-0.2389582357394492
-0.2415569623691796
-0.2401827740101868
-0.2415673761450468
-0.2394499954718043
-0.2423977703284166
-0.2406849742389906
-0.241651162784395
-0.239938043239839
-0.2428623234552877
-0.241169943108391
-0.2421189342104869
-0.240422779789678
-0.2429534492093061
-0.2416377482325672
-0.2429677576466082
-0.240904860609541
-0.2437821114775308
-0.2421301358200608
-0.2430455895940344
-0.2413833700324186
-0.2442375988099497
-0.242605638819701
-0.2435042224605805
-0.2418587890032487
-0.2443228379910708
-0.2430644519286445
-0.2443408632660557
-0.2423315849823028
-0.2451397604686081
-0.2435472886974805
-0.2444130514463154
-0.2428009412303167
-0.2455865718644391
-0.2440137176322604
-0.2448629775894116
-0.2432673236766318
-0.2456662759692307
-0.2444639510489908
-0.2456876877715357
-0.2437310928885348
-0.2464717840077595
-0.2449375732815169
-0.245754703850339
-0.2441916393109234
-0.2469102441721599
-0.2453952677989954
-0.2461962397524537
-0.2446493136957816
-0.2473459535366651
-0.2458501214971743
-0.2466350096633073
-0.245104126498364
-0.2477789816605222
-0.2463021706949567
-0.2470710882272676
-0.2455561459973181
-0.2482093613821891
-0.2467514497463701
-0.247504508299983
-0.2460054062701189
-0.2486371081595508
-0.2471980026008534
-0.2479353486238751
-0.2464518539748148
-0.2490622553814162
-0.2476418520920499
-0.2483635941082957
-0.246895609281173
-0.2494848493575022
-0.2480830028767437
-0.2487891984369453
-0.2473367715666807
-0.2499049087239001
-0.2485215147416111
-0.2492122700409764
-0.2477753049911807
-0.2503224754180485
-0.2489574192159092
-0.24963283892174
-0.2482112406766109
-0.2507375788842968
-0.2493907471063375
-0.2500509345502236
-0.2486446091954534
-0.251150248047999
-0.2498215286766152
-0.2504665858795214
-0.2490754405836641
-0.25156051132752
-0.2502497936603952
-0.250879821356889
-0.2495037643530627
-0.2519683966461642
-0.2506755712733356
-0.2512906689354887
-0.2499296079504338
-0.2523738450709204
-0.25109896656122
-0.2516991344170296
-0.2503529516174545
-0.2527769704487275
-0.2515199309511126
-0.2521052666118337
-0.2507738734444382
-0.2531777992790542
-0.2519384921807579
-0.2525090857019547
-0.2511924144200633
-0.2535764102554092
-0.2523546019021348
-0.2529106078115421
-0.2516085880913663
-0.2539727760317969
-0.252768362968488
-0.2533098750116525
-0.2520224210662821
-0.2543669165260503
-0.2531798112570579
-0.2537069535953224
-0.2524338618526755
-0.2547588386351823
-0.253588963096114
-0.2541018270490928
-0.2528430142576442
-0.2551485899800896
-0.2539958225899005
-0.254494450633422
-0.2532499637895639
-0.2555361835849376
-0.2544004327965302
-0.2548849178313958
-0.2536546747816544
-0.2559216539776599
-0.2548028218568275
-0.2552732522265795
-0.2540571717071042
-0.2563050243191135
-0.2552030140086008
-0.2556594770175783
-0.2544574786398608
-0.2566863173929536
-0.2556010330950414
-0.2560436150262453
-0.2548556192634328
-0.2570655556138615
-0.2559969025731492
-0.2564256887059203
-0.2552516168791653
-0.257442761035426
-0.2563906455222812
-0.2568057201491811
-0.2556454767553925
-0.2578178776398999
-0.2567823536471453
-0.2571836999190807
-0.256036207867387
-0.2581911090625003
-0.2571729617905113
-0.2575596741574163
-0.2564258662277922
-0.2585622676095709
-0.2575605276435191
-0.2579336757948336
-0.2568124786038887
-0.2589315815795866
-0.257947026179526
-0.2583057156142751
-0.2571980520575786
-0.259298864827051
-0.2583305364111662
-0.258675818791138
-0.2575806315710392
-0.2596643428265144
-0.2587130108778949
-0.259044006096692
-0.2579622171984802
-0.2600278773641708
-0.2590924826515884
-0.2594102901955637
-0.2583408470774124
-0.260389598343971
-0.2594710159561313
-0.259774670766973
-0.2587184790300379
-0.2607502710347269
-0.25984657536224
-0.2601363062665337
-0.2590941298946165
-0.2611091072137633
-0.2602201982911323
-0.2604960448972184
-0.2594679246373572
-0.2614661166341543
-0.260591924956816
-0.2608539669093987
-0.2598398285551848
-0.2618213276638638
-0.2609617751253224
-0.2612100905836756
-0.2602098606723847
-0.2621747583556899
-0.2613297676401161
-0.2615644339256963
-0.2605780397275033
-0.2625264264916371
-0.2616959210620968
-0.2619170146717957
-0.2609443841789738
-0.262876349588422
-0.2620602536752481
-0.262267850294345
-0.2613089104819145
-0.2632236275048845
-0.2624228763900616
-0.2626178596074233
-0.2616716171880278
-0.2635701124833731
-0.2627836215589392
-0.2629652568085149
-0.2620325271269648
-0.2639139954428437
-0.2631426911663808
-0.2633118532487109
-0.2623916712673596
-0.2639320388356851
-0.26349043615473
-0.2639900551147856
-0.2627483602321539
-0.2645973724526928
-0.2638564400679988
-0.263999512233227
-0.263104031799858
-0.2649371115804454
-0.2642102783786738
-0.2643402125613503
-0.2634579873122788
-0.2649516278627844
-0.2645529727882252
-0.2650119975906495
-0.2638095480216618
-0.265610713399124
-0.264913758557024
-0.265018000446726
-0.2641601272123465
-0.2656237120217282
-0.2652531659718195
-0.2656848271193836
-0.2645084007492072
-0.266277944247994
-0.2656105546089383
-0.2656893074761982
-0.2648556633302697
-0.2662893988127402
-0.2659458828842512
-0.2663512171751737
-0.2652014920373218
-0.2666196749269495
-0.2662897291637111
-0.2666823946880011
-0.2655457014339644
-0.266948411699965
-0.2666319697248922
-0.2670120323656223
-0.2658883066081087
-0.2672756149751413
-0.2669725625333942
-0.2673401846214003
-0.2662293334545477
-0.2676012995654795
-0.2673115795256618
-0.2676668251954529
-0.2665687855882725
-0.267925487192033
-0.2676490352087108
-0.2679919679698071
-0.2669066774791405
-0.2682481915711021
-0.2679849438901152
-0.2683156266359861
-0.2672430096526632
-0.2685702251084028
-0.2683194672425525
-0.2686369354158569
-0.2675778065180828
-0.2688907992397908
-0.2686524710727334
-0.26895677142162
-0.2679110083147056
-0.2692091483747261
-0.2689838853032641
-0.2692759742900716
-0.2682427039552021
-0.2695260672235064
-0.2693138075428649
-0.2695937463542792
-0.2685729091979523
-0.2698415685973304
-0.2696422511575577
-0.2699101004004316
-0.2689016373706296
-0.2701556651357712
-0.2699692293345859
-0.2702250490439889
-0.26922890162279
-0.2704683693100602
-0.27029475508543
-0.2705386047326663
-0.2695547149291823
-0.2707796934258901
-0.2706188412490947
-0.2708507797493246
-0.2698790900927674
-0.2710896496263927
-0.2709415004949918
-0.2711615862150083
-0.2702020397477124
-0.2713982498950307
-0.2712627453260238
-0.2714710360916096
-0.2705235763624441
-0.271705506058264
-0.2715825880814444
-0.2717791411848429
-0.2708437122424158
-0.2720114297884392
-0.2719010409397245
-0.2720859131467323
-0.2711624595330537
-0.2723160326063278
-0.2722181044706291
-0.2723913559957796
-0.2714798731739044
-0.2726192765298897
-0.2725337965558857
-0.2726954886015263
-0.2717959218625448
-0.2729212223499901
-0.2728481344110462
-0.2729983221707483
-0.2721106172820215
-0.2732218811465067
-0.2731611295980502
-0.2732998677669501
-0.2724239709660147
-0.2735212638579759
-0.2734727935314112
-0.2736001363127233
-0.2727359943013574
-0.2738193812839745
-0.2737831374806445
-0.2738991385922311
-0.2730466985305006
-0.2741162440874373
-0.274092172572737
-0.274196885253553
-0.2733560947539303
-0.2744118533393684
-0.2743998601022298
-0.2744934217663959
-0.2736642039737585
-0.2747062244660087
-0.274706260823614
-0.2747887234055974
-0.2739709943153897
-0.2749993565812341
-0.2750114352865228
-0.275082744295774
-0.274276506677238
-0.2752912755280672
-0.2753153440170658
-0.2753755380938059
-0.2745807028439494
-0.2755820177102913
-0.2756180038623071
-0.2756671214331465
-0.2748836447678865
-0.2758715665172705
-0.2759194187198182
-0.2759575104734813
-0.2751853427437445
-0.2761599317171342
-0.2762195987835685
-0.2762467149699199
-0.2754858069399428
-0.2764471229585045
-0.2765185541228349
-0.2765347445583574
-0.2757850474007824
-0.2767331497723344
-0.2768162946842085
-0.2768216087575768
-0.276083074048324
-0.2770180215739233
-0.2771128302936086
-0.2771073169710445
-0.2763798966844345
-0.2773017425575314
-0.2774088711264018
-0.2773919549860809
-0.2766748185446735
-0.2775843154021852
-0.2777030257724556
-0.2776753787388964
-0.2769692618518986
-0.2778657772858507
-0.2779960042415601
-0.2779576740464198
-0.2772625298552657
-0.2781461207018594
-0.2782877905368873
-0.2782381291247552
-0.2775545780851241
-0.2784260614364085
-0.2785784370251142
-0.2785174759054281
-0.2778454695763459
-0.27870489808955
-0.2788679345607423
-0.2787957231269027
-0.2781352134539907
-0.2789826393492884
-0.2791562839066627
-0.2790735925394853
-0.2784238719358994
-0.2792585958402094
-0.2794434926994049
-0.2793496599980732
-0.278711385409649
-0.2795341291767297
-0.2797295827763744
-0.2796246535242647
-0.2789977778554626
-0.2798085927398852
-0.2800145525932902
-0.2798992870167711
-0.2792831105955969
-0.2800813055299188
-0.2802984128182525
-0.2801721578732914
-0.279567287194418
-0.2803536545938767
-0.2805811888266931
-0.2804439795113256
-0.2798503516676569
-0.2806256424881304
-0.2808629728269941
-0.280714029196503
-0.2801323073375674
-0.2808958958988281
-0.2811436264725338
-0.2809837267269495
-0.280413192845142
-0.2811651200782025
-0.2814232087475699
-0.2812523991053533
-0.2806930073201462
-0.2814340132108826
-0.2817017781727671
-0.2815193817718429
-0.2809717431362726
-0.2817011967162798
-0.2819791990435295
-0.2817860576754343
-0.2812494508803747
-0.2819673674028578
-0.2822555728702051
-0.2820517301120252
-0.2815260674251209
-0.282232562457985
-0.2825309134040904
-0.2823163924318807
-0.2818016458694818
-0.2824967664642045
-0.2828052225268964
-0.2825800675476628
-0.2820761929637073
-0.2827606654909204
-0.2830785574027104
-0.2828421038639125
-0.2823497014284375
-0.2833089693354932
-0.2833580398999627
-0.2828111043654381
-0.2826221739861059
-0.2832835085464496
-0.283622139536327
-0.2833650590225755
-0.2828936771220346
-0.2838285361622444
-0.2838995435034036
-0.2833335699441782
-0.2831641431904357
-0.2840871412143307
-0.2841688123943251
-0.2835930532551156
-0.2834336170559965
-0.2843448014386131
-0.2844370950140896
-0.2838515817088045
-0.2837014253826723
-0.284317112702774
-0.2846980284649722
-0.2844000455297183
-0.2839689719668194
-0.2848569054383714
-0.2849713639739666
-0.2843664390556586
-0.2842355123743378
-0.2848286206152424
-0.2852297727532762
-0.2849116317192994
-0.2845011235819901
-0.2853652358816308
-0.2855004709154652
-0.2848776615524644
-0.2847663611368896
-0.2856182598958081
-0.2857632860084607
-0.2851316385961715
-0.2850306464228872
-0.2858703788076523
-0.28602515877684
-0.28538470917589
-0.2852939862503039
-0.2861215981676286
-0.2862867336948311
-0.2856367954452005
-0.2855551117734817
-0.2860908409764047
-0.2865411579461554
-0.2861753886705836
-0.2858160044459138
-0.2866210267881498
-0.2868070786263791
-0.2861389517329023
-0.2860765468562813
-0.2868695415498294
-0.2870659208720331
-0.2863883750556738
-0.2863348819438988
-0.2868376575093964
-0.287317654661572
-0.2869226865338884
-0.2865930281498873
-0.2873636204803146
-0.2875814830767
-0.2868850897629689
-0.2868501997782037
-0.2876095246815816
-0.2878369713451351
-0.2871319429926206
-0.2871071111209529
-0.2878545698274542
-0.2880921981462213
-0.2873778638149317
-0.2873618438488556
-0.2878209648860636
-0.2883404348417016
-0.2879069408626627
-0.2876164103699743
-0.288341809956987
-0.2886005903142368
-0.2878677106088215
-0.2878693832925609
-0.2883077843016434
-0.2888471123528272
-0.288393823690554
-0.2881221968522816
-0.2888257112456122
-0.2891054808446933
-0.2883541896708942
-0.2883740839446176
-0.2890666080694982
-0.2893562990935894
-0.2885959126354938
-0.2886244623298754
-0.2890315221551232
-0.2896003235960926
-0.2891180624713959
-0.2888746913695653
-0.2895455863150276
-0.2898560271337715
-0.289077419854945
-0.2891233768939345
-0.2895100976289737
-0.2900983231751081
-0.2895967302379436
-0.2893718804284734
-0.290021389523303
-0.2903523023101882
-0.2895556785628327
-0.2896195207177054
-0.2902582154151264
-0.2905982930837196
-0.2897934301927582
-0.2898662717397802
-0.2904943465065446
-0.2908446616111389
-0.2900303109314651
-0.2901116247386938
-0.2904572528120835
-0.2910837186237407
-0.2905447527175243
-0.2903568086524307
-0.2909638118747836
-0.2913337069901172
-0.2905022616283712
-0.2906017203113349
-0.2911975034172402
-0.2915764273038087
-0.2907368717308845
-0.2908458196789249
-0.2914304227172728
-0.2918183435877301
-0.2909707081567527
-0.2910891121226943
-0.2916625748684014
-0.2920594611486699
-0.2912037751857025
-0.2913309840073479
-0.291894049749265
-0.2923009653029823
-0.2914359976452141
-0.2915715022571045
-0.2918546152655322
-0.2925353028268414
-0.2919434228988536
-0.2918118695879156
-0.292354337627335
-0.2927804001843872
-0.2918986957790314
-0.2920519869109119
-0.2925834708733336
-0.2930183747068368
-0.2921287390962868
-0.2922913233670227
-0.2928118616996777
-0.2932555762705894
-0.2923580385505927
-0.2925298827470842
-0.293039475391965
-0.2934920460195161
-0.2925865801742424
-0.2927670401819673
-0.2932664450777223
-0.2937283288375634
-0.2928143849585627
-0.2930040397996749
-0.2934925977889501
-0.2939632770899016
-0.2930414700822299
-0.2932402785692261
-0.2937180271428131
-0.2941974719878824
-0.2932678247527054
-0.2934751586920888
-0.2936758243483309
-0.2944258233144931
-0.2937660485037137
-0.2937093947076155
-0.2941665413696353
-0.2946653101946891
-0.2937186150398411
-0.2939422406921646
-0.2943899022379283
-0.2948978401555361
-0.2939428236605844
-0.2941754842324885
-0.2946124836796122
-0.2951290607824463
-0.2941662952129666
-0.2944074230762144
-0.2948344386277038
-0.2953606860358024
-0.2943890025809069
-0.2946380615842265
-0.2947906418991278
-0.2955854104438601
-0.2948816560085825
-0.2948686193666473
-0.2952759200553617
-0.2958211592432446
-0.2948327136324634
-0.295097813983104
-0.2952318640595764
-0.2960444929819167
-0.2953228309135837
-0.2953269326297951
-0.2957146588138045
-0.2962787576279264
-0.2952736606682195
-0.2955547013101825
-0.2959331683903583
-0.2965067848380005
-0.2954929224254053
-0.2957817636535605
-0.2958883968360786
-0.2967280656500622
-0.2959796211316483
-0.2960087569561336
-0.2963678565228401
-0.2969601376503059
-0.2959297874896392
-0.2962344196749776
-0.2965843526821348
-0.2971854976110332
-0.2961471000280733
-0.2964599438049498
-0.296800171733887
-0.2974107257148709
-0.2963636810227184
-0.296684224015744
-0.2967543580866041
-0.2976293044113393
-0.2968460550703018
-0.29690844400117
-0.2972295739785528
-0.2978585384437026
-0.2967952193876912
-0.2971313585532642
-0.2974434291742265
-0.2980811615391074
-0.2970098983629197
-0.2973546911755628
-0.2976565914012498
-0.2983025383649311
-0.2972239320295661
-0.2975767755515855
-0.2978691940735951
-0.2985237834325611
-0.2974373135840864
-0.2977987606348647
-0.2980810746707647
-0.2987438259420205
-0.2976500645651059
-0.2980195087337324
-0.2980337553780322
-0.2989584030800769
-0.2981261395572053
-0.2982396668241225
-0.2985028157114109
-0.2991829761208793
-0.2980739274797652
-0.2984596608082464
-0.2987128026201216
-0.2994010470834874
-0.2982847718847058
-0.2986784343899784
-0.2989222477336643
-0.2996189975568408
-0.2984949973999929
-0.2988971206855225
-0.2991309908483115
-0.2996020097981162
-0.2989338583958904
-0.2991134925810135
-0.2993402936315132
-0.299809926302409
-0.2991515978664713
-0.2993292103071277
-0.2995489401512496
-0.3000171430206562
-0.2993692593280712
-0.299543794393243
-0.2997569588605609
-0.3002238361920798
-0.2995857431779576
-0.2997582475364373
-0.2999643792986987
-0.3004299281018077
-0.2998015887694532
-0.2999720757306841
-0.3001711842081681
-0.3006353418941651
-0.3000173313164481
-0.300184789701803
-0.3003773822906248
-0.3008402419002663
-0.3002319117737405
-0.300397378924962
-0.3005829876327503
-0.3010445510323349
-0.3004458651261673
-0.300609353996827
-0.3007879853020263
-0.3012481930455439
-0.3006597222808414
-0.3008202301549517
-0.3009923922821515
-0.3014513307754251
-0.3008724325094654
-0.301030987568518
-0.3011962140579043
-0.3016538877517372
-0.3010845264969011
-0.3012411413509347
-0.3013994379339547
-0.3018557883314268
-0.3012965309105987
-0.3014502111680378
-0.3016020826002256
-0.3020571938819829
-0.3015073974973778
-0.3016596182297701
-0.3018041136461909
-0.3022579913243208
-0.3017176846239775
-0.3018679855161546
-0.3020055584563562
-0.3024581429353608
-0.3019278885221985
-0.3020752834137665
-0.3022064312941686
-0.3026578086406991
-0.3021369747303444
-0.3022824740178859
-0.3024067397493327
-0.3028569131767096
-0.3023454655317461
-0.3024890812200981
-0.3026064752579079
-0.303055382076701
-0.3025538793094355
-0.3026946332952835
-0.3028056416715894
-0.3032533738511051
-0.3027611895538885
-0.3029000835469319
-0.3030042566969182
-0.3034508138262775
-0.3029679144447738
-0.3031049601394895
-0.3032022968505414
-0.3036476427605215
-0.3031745728472013
-0.3033087662424443
-0.3033997961400688
-0.303843926336424
-0.3033806512476369
-0.3035120065562048
-0.3035967347432975
-0.3040397295372044
-0.3035856400160796
-0.3037151813306883
-0.3037931274373727
-0.3042349312778577
-0.3037905680255544
-0.3039172994276338
-0.3039889763490167
-0.3044296582594531
-0.3039944154333886
-0.3041193552522686
-0.3041842766632035
-0.3046237900399689
-0.3041982058164566
-0.304320363450811
-0.30437904720049
-0.3048174525835495
-0.3044009244960865
-0.3045213125771195
-0.3045732679192151
-0.3050105260844583
-0.3046035898059735
-0.3047212229939462
-0.304766969330891
-0.3052030748357532
-0.3048056972657097
-0.3049205890029246
-0.30496012805246
-0.3053951624614583
-0.3050067461495432
-0.3051199006400918
-0.3051527680038028
-0.3055866700969534
-0.3052077469787825
-0.3053181866731168
-0.305344866324647
-0.3057777361219431
-0.3054077022030323
-0.3055163929082456
-0.3055364534516445
-0.3059682865902975
-0.3056070853958837
-0.3057140706132009
-0.3057275399049834
-0.3061583192128303
-0.3058059270040342
-0.3064983167827329
-0.3050942123488205
-0.3065810280790127
-0.3060032704649948
-0.3066880201362226
-0.3052917348814143
-0.3067704324822619
-0.306200083202553
-0.306877215286433
-0.3054887125241339
-0.3069588442508466
-0.3063964057749033
-0.3073001940253758
-0.3056799072046729
-0.3069185017006644
-0.3065922263081727
-0.3074873844522281
-0.3058758530704159
-0.3071074056174
-0.3067875246464618
-0.3076740778450044
-0.3060712773468122
-0.3072958086485323
-0.3069823035656543
-0.3078602768388491
-0.30626618280123
-0.3074837134459444
-0.3071765658195728
-0.3080459840480591
-0.3064605492301574
-0.3076706284780555
-0.3073702969960433
-0.3082316595158072
-0.3066544118647355
-0.3078570516371353
-0.3075635168817693
-0.3084168470005524
-0.3068477637311128
-0.3080429855086303
-0.3077562281674689
-0.3086015490640276
-0.3070406075125052
-0.3082284326575536
-0.307948433522806
-0.3087857682477294
-0.3072329458710286
-0.3084133956288192
-0.3081401355963697
-0.3089695070733105
-0.3074247814478861
-0.3085978769474599
-0.3083313370160179
-0.3091527680426238
-0.3076161168636904
-0.3087818791187207
-0.3085220403890818
-0.3093355536381168
-0.3078069547185383
-0.3089654046283794
-0.3087122483025492
-0.3095178663228293
-0.3079972975923679
-0.3091484559428547
-0.3089019633233505
-0.3096997085407214
-0.308187148045054
-0.3093310355095057
-0.3090911879984594
-0.309881082716838
-0.3083765086166748
-0.3095131457567412
-0.3092799248551589
-0.3100619912575316
-0.3085653818276971
-0.3096947890942765
-0.3094681708745118
-0.310242891646515
-0.3087538460013919
-0.3098754788262309
-0.3096559244479135
-0.3104228718629151
-0.3089417730214713
-0.3100561717943227
-0.3098432047599093
-0.3106023935628207
-0.3091292200724614
-0.3102364050310893
-0.3100300071887865
-0.3107814590795198
-0.309316189598654
-0.3104161808729721
-0.3102163341662254
-0.3109600707285815
-0.3095026840256931
-0.3105955016386072
-0.3104021881054136
-0.3111382308079026
-0.3096887057608483
-0.3107743696289949
-0.310587571401219
-0.3113159415979718
-0.3098742571930883
-0.310952787127766
-0.3107724864303603
-0.311493205362
-0.3100593406933547
-0.311130756401244
-0.3109569342203676
-0.3116704752079242
-0.3102440122905832
-0.3113078243595985
-0.3111409089160222
-0.3118468517412775
-0.3104281669937716
-0.3114849040125101
-0.31132443331843
-0.3120227879357529
-0.3106118607705008
-0.311661542136636
-0.3115074987821453
-0.3121982859872985
-0.3107950959212517
-0.311837740931014
-0.3116901075959013
-0.3123733480754892
-0.3109778747292682
-0.3120135025783457
-0.3118722620312679
-0.3125479763637153
-0.3111601994607792
-0.3121888292451004
-0.3120539643429405
-0.3127221729992122
-0.3113420723652111
-0.3123637230816236
-0.3122352167688787
-0.312895940113357
-0.3115234956752637
-0.312538186222367
-0.312416021530447
-0.3130692798216892
-0.3117044716071876
-0.3127122207859874
-0.3125963808326055
-0.3132421942242227
-0.3118850023608108
-0.3128858288756131
-0.3127762968640053
-0.3134146854055178
-0.312065090119806
-0.3130590125788372
-0.3129557717972754
-0.3135867554347888
-0.3122447370518087
-0.3132317739679935
-0.3131348077890787
-0.3137584063660871
-0.3124239301533686
-0.3134041071068144
-0.3133134318824514
-0.3139296130852159
-0.3126026847691983
-0.3135760220533322
-0.313491621237025
-0.3141004048383265
-0.3127810050041993
-0.3137475208347124
-0.3136693779629336
-0.3142707836345559
-0.3129588929632313
-0.3139186054634185
-0.3138467041548802
-0.3144407514685306
-0.3131363507359446
-0.314089277937327
-0.3140236018925011
-0.3146103103204197
-0.313313380396826
-0.314259540239896
-0.3142000732403168
-0.3147794621560753
-0.3134899840054524
-0.3144293943403088
-0.3143761202479552
-0.3149482089272635
-0.3136661636064818
-0.3145988421935464
-0.3145517449503534
-0.3151165490596236
-0.3138418971841359
-0.3147678939896328
-0.3147269301103214
-0.3152844992018363
-0.3140172157873871
-0.314936539796437
-0.3149016970389664
-0.3154520500307596
-0.3141921164768659
-0.3151047851244066
-0.3150760477275661
-0.3156192034429396
-0.3143666012392279
-0.3152726318732529
-0.3152499841531938
-0.3157859613214434
-0.3145406720468961
-0.3154400819292724
-0.3154235082789195
-0.3159523255360012
-0.3147143308582798
-0.3156071371653952
-0.3155966220537976
-0.316118297943082
-0.3148875796179708
-0.3157737994412418
-0.3157693274131984
-0.3162838803860373
-0.3150604202568176
-0.315940070603383
-0.3159416262787481
-0.3164490746952212
-0.3152328546920381
-0.3161059524853593
-0.3161135205585434
-0.3166138826881819
-0.3154048848273709
-0.3162714469078738
-0.3162850121473451
-0.3167783061696443
-0.3155765125532521
-0.316436555678797
-0.3164561029265678
-0.3169423469317579
-0.315747739746791
-0.3166012805934894
-0.3166267947644575
-0.3171060067541709
-0.3159185682720663
-0.3167656234346838
-0.3167970895162988
-0.3172692874040567
-0.3160889999801906
-0.3169295859727348
-0.3169669890244247
-0.3174321906363926
-0.3162590367093278
-0.3170931699657882
-0.317136495118291
-0.3175947181940318
-0.316428680284951
-0.3172563771597146
-0.3173056096148449
-0.3177568718075939
-0.3165979325199236
-0.317419209288396
-0.3174743343182954
-0.3179186531959758
-0.3167667952145439
-0.3175816680737352
-0.317642671020589
-0.3180800640660472
-0.3169352701568076
-0.3177437552257585
-0.3178106215011959
-0.3182411061131118
-0.3171033591222698
-0.3179054724428713
-0.3179781875274135
-0.3184017810207806
-0.3172710638744666
-0.31806682141175
-0.318145370854474
-0.3185620904611462
-0.3174383861648079
-0.3182278038075924
-0.3183121701940906
-0.3187220322935927
-0.3176053456784879
-0.3183884011167415
-0.3184785864977318
-0.3188816119777272
-0.3177719261566836
-0.3185486352148315
-0.3186446253113536
-0.3190408311516936
-0.3179381293155082
-0.3187085077429231
-0.3188102883427407
-0.3191996914425653
-0.3181039568594205
-0.3188680203309151
-0.3189755772882059
-0.3193581944663506
-0.318269410481354
-0.3190271745977977
-0.3191404938324742
-0.319516341828312
-0.3184344918627718
-0.3191859721516201
-0.3193050396489752
-0.3196741351227467
-0.3185992026739131
-0.3193444145895777
-0.3194692163999149
-0.3198315759333265
-0.3187635445737201
-0.3195025034982417
-0.3196330257362526
-0.3199886658331421
-0.3189275192100457
-0.3196602404534986
-0.3197964692979817
-0.3201454063847107
-0.3190911282197363
-0.3198176270207527
-0.3199595487140901
-0.3203017991401316
-0.3192543732287351
-0.3199746647549143
-0.3201222656027549
-0.3204578456411962
-0.3194172558521164
-0.3201313552006331
-0.3202846215713334
-0.3206135474194565
-0.3195797648021289
-0.3202876926601957
-0.3204466400982734
-0.3207688823128304
-0.3197419123295033
-0.3204436859083202
-0.3206083008373494
-0.320923875570559
-0.3199037022829392
-0.3205993364591171
-0.3207696053644148
-0.321078528693803
-0.320065136235134
-0.3207546458166144
-0.3209305552450263
-0.3212328431737678
-0.3202262157483227
-0.3209096154750799
-0.3210911520343303
-0.3213868204919902
-0.3203869423745132
-0.3210642469189425
-0.3212513972772988
-0.3215404621202103
-0.3205473176555766
-0.3212185416228697
-0.3214112925088509
-0.3216937695205416
-0.3207073431232705
-0.3213725010519281
-0.3215708392538035
-0.3218467441455918
-0.3208670202993686
-0.3215261266616298
-0.3217300390270645
-0.3219993874384975
-0.3210263506957282
-0.3216794198980457
-0.321888893333686
-0.3221517008330249
-0.3211853358143861
-0.3218323821978274
-0.3220474036689276
-0.3223036857536605
-0.3213439771476427
-0.3219850149883923
-0.3222055715182982
-0.3224553436156982
-0.3215022761780871
-0.3221373196878968
-0.3223633983578278
-0.3226066758252429
-0.3216602343788705
-0.3222892977052809
-0.3225208856540024
-0.3227576837793518
-0.3218178532135505
-0.3224409504405451
-0.3226780348637839
-0.3229083688661404
-0.3219751341362979
-0.3225922792846446
-0.3228348474348378
-0.3230587324648123
-0.3221320785919732
-0.3227432856195995
-0.3229913248055543
-0.3232087759457316
-0.3222886880161857
-0.3228939708186641
-0.3231474684051224
-0.3233585006705231
-0.3224449638353601
-0.3230443362462859
-0.3233032796535701
-0.3235079079921354
-0.3226009074668601
-0.3231943832582335
-0.3234587599619134
-0.3236569992549304
-0.3227565203189739
-0.323344113201734
-0.3236139107321767
-0.3238057757947302
-0.3229118037911523
-0.3234935274153409
-0.3237687333575443
-0.3239542389388834
-0.3230667592738656
-0.323642627229273
-0.323923229222337
-0.3241023899145318
-0.3232213679028537
-0.323791423624897
-0.3240774031866922
-0.3242502234904756
-0.3233756513393237
-0.3239399057421397
-0.3242312336834393
-0.3243977607934928
-0.3235296153189844
-0.3240880740322027
-0.3243847415552802
-0.3245449899121373
-0.3236832568186591
-0.3242359331506056
-0.3245379281519086
-0.3246919121325642
-0.3238365771855466
-0.3243834843862663
-0.3246907948145032
-0.324838528732983
-0.3239895777584003
-0.3245307290201103
-0.3248433428759318
-0.3249848409835102
-0.3241422598676369
-0.3246776683250086
-0.3249955736606611
-0.325130850146514
-0.3242946248353407
-0.3248243035659921
-0.3251474884849694
-0.3252765574764055
-0.3244466739754386
-0.3249706360001975
-0.3252990886569579
-0.3254219642198157
-0.3245984085936815
-0.3251166668769659
-0.3254503754766356
-0.3255670716157335
-0.3247498299877705
-0.3252623974379246
-0.3256013502359039
-0.3257118808954403
-0.324900939447331
-0.3254078289170694
-0.3257520142188052
-0.325856392270319
-0.3250521165991221
-0.3255529922712944
-0.3259020010008261
-0.326000598538811
-0.3252026060222946
-0.325697829204462
-0.3260520471987429
-0.3261445207282209
-0.3253527873327183
-0.3258423707128199
-0.3262017864254328
-0.326288149651766
-0.325502661788637
-0.3259866180003036
-0.3263512199336244
-0.3264314865034494
-0.3256522306405973
-0.3261305722636021
-0.3265003489683619
-0.3265745324699749
-0.3258014951315457
-0.3262742346919785
-0.3266491747671546
-0.3267172857445022
-0.3259508104649723
-0.3264176448593747
-0.3267973383959342
-0.3268597454743568
-0.3260994699287419
-0.3265607271053593
-0.3269455613546989
-0.3270019252998141
-0.3262481811598792
-0.3267035592772136
-0.327093125924026
-0.3271438089408195
-0.3263962404789283
-0.3268460660135664
-0.3272407509047247
-0.3272854179293542
-0.3265440015396756
-0.3269882867550865
-0.3273880787259804
-0.3274267346652222
-0.3266918157368574
-0.3271302606524317
-0.3275347505680278
-0.3275677710996043
-0.3268389990432132
-0.3272718958648323
-0.3276814819192775
-0.3277085215450393
-0.3269862237358775
-0.3274132798665116
-0.3278275833275024
-0.3278489737627547
-0.3271328054620739
-0.3275543445684759
-0.3279737477229001
-0.3279891448807332
-0.3272794420784618
-0.3276951666892896
-0.3281192666412627
-0.3281290383491502
-0.3274254402790421
-0.3278356718953657
-0.3282648495618394
-0.3282686547752974
-0.3275714942235554
-0.327975936588817
-0.3284097906145637
-0.328407994310306
-0.3277169135234559
-0.3281158867247786
-0.3285547966663264
-0.3285470600406716
-0.3278623894060483
-0.3282555983915245
-0.3286991644228814
-0.3286858503986431
-0.3280072343754556
-0.3283949978307982
-0.328843598157313
-0.3288243693844605
-0.3281521367515622
-0.3285341608195999
-0.3289873971331309
-0.3289626152632744
-0.3282964119067492
-0.3286730138840569
-0.3291312630480655
-0.3291005914116306
-0.3284407452781819
-0.328811632492493
-0.3292744977054516
-0.3292382974515897
-0.3285844550823519
-0.3289499434532872
-0.3294178002458902
-0.3293757346260879
-0.328728223898114
-0.3290880219286554
-0.3295604749947774
-0.3295129054109165
-0.3288713727621774
-0.3292257950070553
-0.3297032185537411
-0.3296498074323531
-0.3290145814192939
-0.3293633375470528
-0.3298453377526198
-0.3297864474899868
-0.3291571737028216
-0.3295005769151412
-0.3299875266718983
-0.329922818136958
-0.3292998265471302
-0.329637587668728
-0.3301290946285359
-0.3300589319405129
-0.3294418665590275
-0.3297742974501575
-0.330270733199594
-0.3301947749500496
-0.3295839678859768
-0.3299107805182209
-0.3304117541718127
-0.3303303658611872
-0.3297257950382852
-0.3300470012446148
-0.3305525032007056
-0.3304656881484775
-0.3298670146132833
-0.3301829242525245
-0.3306933241665593
-0.330600756935059
-0.330008296598932
-0.330318623356623
-0.3308335325063841
-0.3307355639627796
-0.3301489744582782
-0.3304540268806362
-0.3309738136374397
-0.3308701142319069
-0.330289715450059
-0.3305892083465376
-0.3311134854245143
-0.3310044102875365
-0.3304298557315024
-0.3307240963467611
-0.3312532308418245
-0.331138445635981
-0.330570059854544
-0.3308587641130117
-0.3313923701651943
-0.3312722341734247
-0.3307099970649954
-0.3309931764713785
-0.331531244744509
-0.3314057614329655
-0.3308493386354039
-0.3311272984920577
-0.3316701941956193
-0.3315390412394746
-0.3309887450771378
-0.3312612029750426
-0.3318085423582029
-0.3316720680688178
-0.3311275548822089
-0.3313944744744757
-0.3319469393096532
-0.3318051866220686
-0.3312661011285087
-0.3315274950756476
-0.3320850749749626
-0.331938054801619
-0.3314043832954707
-0.3316606092263273
-0.3322229771247364
-0.3320703372302449
-0.3315427401667745
-0.3317935093618026
-0.3323602842816469
-0.3322023639723063
-0.3316805001061855
-0.3319257829648571
-0.3324976420034076
-0.3323344867103766
-0.3318180069931085
-0.3320578094140416
-0.3326347423430234
-0.3324663628078314
-0.3319552564635417
-0.332189589632412
-0.3327715862628791
-0.3325979931849413
-0.3320922494791062
-0.3323211245378972
-0.3329081747199628
-0.332729378756891
-0.3322289858236512
-0.3324527549829109
-0.3330445351609364
-0.3328601892153042
-0.332365460877069
-0.3325838020502384
-0.3331806155758266
-0.332991087956353
-0.3325016902772602
-0.332714606527438
-0.3333164433667548
-0.3331217446067992
-0.3326376670153422
-0.3328451693120593
-0.3334520194696073
-0.3332521600615639
-0.3327733920264463
-0.3329754912967926
-0.3335873448149934
-0.3333823352106737
-0.3329088662404788
-0.3331055733693447
-0.3337224203284763
-0.33351227093915
-0.3330440905822615
-0.3332354164124687
-0.3338572469304658
-0.3336419681271787
-0.3331790647120522
-0.3333653571771814
-0.333991851699172
-0.3337711009387185
-0.3333137843489703
-0.3334947248426902
-0.3341261832509566
-0.3339003183285995
-0.333448247766217
-0.3336238621529729
-0.3342602555316402
-0.3340293105382376
-0.3335824688101815
-0.3337527608762844
-0.3343940825566188
-0.3341580676687966
-0.3337164445544113
-0.3338814249049188
-0.3345276652212115
-0.3342865905765753
-0.3338501758935346
-0.3340098550930573
-0.3346610044157811
-0.3344148801132278
-0.3339836637172666
-0.3341380522902023
-0.3347941010258576
-0.3345429371258076
-0.3341169089104757
-0.3342660173412181
-0.3349269559321281
-0.3346707624567243
-0.3342499123532243
-0.3343937510863814
-0.3350595700105229
-0.3347983569438104
-0.3343826744994486
-0.3345215851664602
-0.3351919698803365
-0.334925400345859
-0.3345151886529335
-0.3346488588520787
-0.3353241049417298
-0.3350525356901545
-0.3346474705165772
-0.3347762275483236
-0.335456044347165
-0.3351791050728973
-0.3347795082005681
-0.3349030444817851
-0.3355877038358951
-0.3353057845722408
-0.3349113065118721
-0.3350299569706733
-0.3357191692275372
-0.3354319010082304
-0.3350428738947542
-0.3351566425971754
-0.3358503989000042
-0.3355577922023201
-0.3351742046269516
-0.3352827805478262
-0.3359813514240194
-0.3356837940621235
-0.3353052935303121
-0.3354090148433484
-0.3361121121565344
-0.3358092371467845
-0.3354361565051435
-0.3355350246947761
-0.3362426396861522
-0.335934457388586
-0.3355667703469204
-0.3356604851033667
-0.3363729094844415
-0.3360597713350487
-0.3356971601400061
-0.335785723165468
-0.3365029477508562
-0.3361848633919232
-0.3358273183968284
-0.3359107396686971
-0.336632755306696
-0.3363097343445122
-0.3359572459378468
-0.3360355353965584
-0.3367623329687426
-0.3364343849740108
-0.336086943579219
-0.3361601111283893
-0.3368916815495058
-0.3365588160575074
-0.3362164121326968
-0.3362844676393981
-0.3370208018571754
-0.3366830283679082
-0.3363456524058063
-0.3364086057006889
-0.337149692117602
-0.3368070197733937
-0.3364746776965575
-0.3365325120025426
-0.3372783533781523
-0.3369307939446378
-0.3366034762872531
-0.3366562014094105
-0.3374067887731794
-0.3370543516424087
-0.3367320489728138
-0.3367796746802042
-0.3375349990939308
-0.3371776936234859
-0.3368603965439341
-0.3369029325698583
-0.3376629851275811
-0.3373008206406471
-0.3369885197872017
-0.3370259758293539
-0.3377907476570616
-0.3374237334428473
-0.337116419484994
-0.3371488052057917
-0.3379182874613123
-0.3375464327749989
-0.3372440964157405
-0.3372714214422724
-0.3380456053151915
-0.337668919378173
-0.3373715513537366
-0.337393825278134
-0.3381727019894716
-0.3377911939896315
-0.3374987850692238
-0.3375160174488334
-0.3382995782509293
-0.3379132573427841
-0.337625798328474
-0.3376379986860008
-0.3384262348624254
-0.3380351101671982
-0.3377525918937934
-0.3377597697174716
-0.338552672582786
-0.3381567531887143
-0.3378791665235015
-0.3378813312673457
-0.3386788921669268
-0.3382781871294127
-0.3380055229720373
-0.3380026840559582
-0.3388048943658993
-0.3383994127076149
-0.3381316619899475
-0.3381238287999172
-0.3389306799268994
-0.338520430637962
-0.3382575843239024
-0.3382447662121906
-0.3390562495931826
-0.3386412416314895
-0.338383290716646
-0.3383654970020937
-0.3391816041042576
-0.3387618463954621
-0.33850878190727
-0.3384860218752415
-0.3393067441958169
-0.3388822456336483
-0.3386340586309288
-0.3386063415337055
-0.3394316705997838
-0.3390024400461077
-0.3392417322718071
-0.3382408946637566
-0.3395560145786485
-0.3391227965738047
-0.3393612881283957
-0.3383661021372323
-0.3396801476047043
-0.3392429483953034
-0.3394806420193679
-0.3384910961560857
-0.3398040703921962
-0.3393628962065256
-0.339599794626697
-0.3386158774464887
-0.3399277836517351
-0.3394826406998891
-0.3397187466289862
-0.338740446730952
-0.3400512880903575
-0.3396021825642344
-0.3398374987013428
-0.3388648047282612
-0.340174584411487
-0.3397215224849324
-0.3399560515155368
-0.3389889521535798
-0.3402976733150542
-0.3398406611438796
-0.3400744057398651
-0.3391128897184011
-0.3404205554973895
-0.3399595992195714
-0.340192562039403
-0.3392366181306389
-0.3405432316513489
-0.3400783373869847
-0.3403105210757355
-0.3393601380947036
-0.3406657024663731
-0.3401968763177471
-0.3404282835072344
-0.3394834503113232
-0.3407879686283371
-0.3403152166801243
-0.3405458499889548
-0.3396065554777933
-0.3409100308197938
-0.340433359138932
-0.3406632211726223
-0.3397294542879028
-0.3410318897198182
-0.3405513043557538
-0.3407803977068153
-0.339852147431893
-0.3411535460041261
-0.3406690529888134
-0.3408973802368565
-0.3399746355965819
-0.3412750003450203
-0.340786605693054
-0.3410141694047552
-0.3400969194654092
-0.3413962534115663
-0.3409039631201147
-0.3411307658495085
-0.3402189997182702
-0.3415222414928225
-0.341013477998908
-0.3412478240074618
-0.3403404903763709
-0.3416385830647861
-0.3411346746134416
-0.3413646889549749
-0.3404617799892668
-0.3417547327639048
-0.3412556707455557
-0.3414813613297469
-0.3405828692212393
-0.341870691222911
-0.341376456946897
-0.3415975364235785
-0.3407037952295069
-0.3419867486188081
-0.3414970484520198
-0.3417135207896876
-0.3408245221359328
-0.3421026156372767
-0.341617441566472
-0.341829315053976
-0.3409450505947407
-0.3422182929025782
-0.3417376369415787
-0.3419449198392897
-0.3410653812569488
-0.3423337810358958
-0.3418576352255263
-0.3420603357654248
-0.3411855147703421
-0.3424490806553772
-0.3419774347376763
-0.3421758661750219
-0.3413054155758273
-0.3425639050433726
-0.3420970350706357
-0.3422909061932249
-0.341425156703789
-0.3426788294407019
-0.3422164459195989
-0.3424057591936588
-0.3415447026075045
-0.3427935671607644
-0.3423356622385094
-0.3425204257840865
-0.3416640539222016
-0.3429081188096779
-0.3424546846598847
-0.3426349065692747
-0.3417832112799906
-0.3430224849906669
-0.3425735136185432
-0.3427495022914441
-0.3419021393938496
-0.3431363811392426
-0.342692142363214
-0.3428636132330248
-0.3420209107040299
-0.3432503781464373
-0.3428105868378264
-0.3429775401663956
-0.3421394899354373
-0.343364191477994
-0.3429288399142
-0.3430912836846962
-0.3422578777079824
-0.3434778217255372
-0.3430469022095407
-0.3432048443782071
-0.3423760746385979
-0.3435912694777774
-0.3431647743381577
-0.3433182228343443
-0.3424940813412415
-0.3437045353206216
-0.3432824541243915
-0.3434317167365609
-0.3426118628501569
-0.3438173372349433
-0.3433999426528998
-0.3435447324343053
-0.342729490909837
-0.3439302409707165
-0.3435172479201186
-0.3436575676402588
-0.3428469303909221
-0.3440429491701727
-0.3436343799363641
-0.3437702180778111
-0.3429641723737215
-0.3441554778017007
-0.3437513243590131
-0.3438829824456812
-0.3430811948329843
-0.3442675557158659
-0.3438680618591329
-0.3439952707780456
-0.343198066031316
-0.3443797360766579
-0.3439846207963214
-0.3441073809214624
-0.3433147512283298
-0.3444917385617247
-0.3441009943740694
-0.3442193134412084
-0.3434312510147973
-0.3446035637348696
-0.3442171831806561
-0.3443310688998534
-0.3435475659786811
-0.3447152107637573
-0.3443331878396931
-0.3444429465124496
-0.3436636481057647
-0.3448263997673378
-0.3444490064018573
-0.3445543554912653
-0.3437795816593655
-0.3449376919579932
-0.344564647051627
-0.3446655890716157
-0.3438953321587965
-0.3450488090725272
-0.3446801052513528
-0.3447766478055081
-0.344010900180913
-0.3451597516614588
-0.3447953792622828
-0.3448878229519816
-0.3441262514399211
-0.3452702430590774
-0.3449104688724455
-0.3449985336061647
-0.3442414562115822
-0.3453808382056972
-0.3450253831426975
-0.3451090710545588
-0.3443564802203154
-0.3454912604631045
-0.3451401172448284
-0.3452194358388335
-0.3444713240321425
-0.3456015103715679
-0.3452546688693079
-0.3453299172958857
-0.3445859535643192
-0.3457113128725884
-0.3453690395216427
-0.3454399383351664
-0.3447004386548909
-0.3458212196621114
-0.3454832364762579
-0.3455497883204021
-0.3448147452309949
-0.3459309557086033
-0.3455972554529954
-0.3456597551605202
-0.3449288393604867
-0.3460402471439536
-0.3457110895126925
-0.3457692645989228
-0.3450427905569134
-0.3461496432613739
-0.3458247543234354
-0.3458786045709643
-0.345156564897809
-0.3462588702193125
-0.3459382428576494
-0.3459877756008612
-0.3452701629310074
-0.3463679285405814
-0.3460515535319718
-0.346097063719776
-0.3453835509233844
-0.3464765459329789
-0.3461646856838416
-0.3462058983978391
-0.3454967979601757
-0.3465852685093963
-0.3462776486376377
-0.3463145656921554
-0.3456098703176262
-0.3466938240035335
-0.3463904370249798
-0.3464233502386879
-0.3457227344102732
-0.3468019412904417
-0.346503045195849
-0.3465316842768997
-0.3458354590057537
-0.346910164127472
-0.3466154874124554
-0.346639852468261
-0.3459480105277959
-0.347018221415197
-0.3467277571193944
-0.346747855320332
-0.3460603895067083
-0.3471261136598501
-0.3468398481621618
-0.346855964050546
-0.3461725729184582
-0.3472335687789909
-0.3469517659600018
-0.3469636261503313
-0.3462846187323957
-0.3473411299162271
-0.3470635172881588
-0.3470711244372562
-0.3463964935640396
-0.3474485275193288
-0.3471750957139802
-0.3471787403404604
-0.3465081641648506
-0.3475554931556718
-0.3472865017701978
-0.3472859124652258
-0.346619698578512
-0.3476625651501993
-0.3473977434228624
-0.3473929222652645
-0.3467310635651077
-0.3477694750950057
-0.3475088138014564
-0.3475000498195097
-0.3468422260196535
-0.3478759556929552
-0.3476197132273006
-0.3476067364137952
-0.3469532536778305
-0.3479825429783857
-0.3477304498301461
-0.3477132621513176
-0.3470641134430089
-0.3479065684243807
-0.3478384900971701
-0.3480045786810512
-0.3471748076920786
-0.3480128518759472
-0.3479488944375758
-0.3481107635837601
-0.3472853350536244
-0.3481189756845205
-0.3480591324506781
-0.3482167891116374
-0.3473956960298641
-0.3484066686788034
-0.3481717051957054
-0.3481386658567465
-0.3475058559462065
-0.3485121923328214
-0.3482816122596504
-0.3482446710184563
-0.3476158505167519
-0.3486175581347823
-0.3483913526887371
-0.3483502416656959
-0.3477257134604538
-0.3487230313484067
-0.348500924848885
-0.3484559304388581
-0.3478353788360221
-0.3488280828999606
-0.3486103330932417
-0.3485611865122569
-0.3479449134716542
-0.348933242065122
-0.3487195816788989
-0.3486662860151202
-0.3480542846935791
-0.3488570122821214
-0.348826172105154
-0.3489549779991323
-0.3481634948090527
-0.3489618759428209
-0.3489350972803027
-0.3490597454834022
-0.3482725424764134
-0.3490665841985677
-0.3490438605494047
-0.3491643578207088
-0.3483814281779238
-0.3491711356219577
-0.349152728776785
-0.3492688434330127
-0.348489883716419
-0.3492755283119581
-0.3492611696586393
-0.3493731468249902
-0.348598446910738
-0.3495599516997006
-0.349371908484864
-0.3492948925753686
-0.3487068149898143
-0.3496637648696919
-0.3494800286047065
-0.3493991807441251
-0.3488150230520736
-0.3497674252661103
-0.3495879891290752
-0.3495033155560804
-0.3489230715692591
-0.34987093333853
-0.3496957829510336
-0.3496070265248404
-0.3490309936590988
-0.3499745499592507
-0.3498034243633811
-0.3497105854875731
-0.3491387571052411
-0.3500780148240407
-0.3499109035059976
-0.3498142630007928
-0.3492463298193014
-0.3501810686761619
-0.3500182260968911
-0.3499175192601159
-0.3493537773614065
-0.3501049107865131
-0.3501229428242876
-0.3502024174386432
-0.3494610694077865
-0.3503870479905206
-0.3502323971973632
-0.3501240447275434
-0.3495681704886003
-0.3504896515959724
-0.3503392527157246
-0.3502268502515496
-0.3496751476358215
-0.350413426240926
-0.350443511264137
-0.3505109057387463
-0.3497819706441182
-0.3505160061049721
-0.3505500572613567
-0.3506133931825309
-0.3498886382193866
-0.3507969554593695
-0.3506588658481717
-0.3505350269962151
-0.3499951168518371
-0.3508989648392283
-0.3507651016459405
-0.3506375044642571
-0.3501014409923899
-0.3510008267109915
-0.3508711833566866
-0.3507398338571559
-0.3502076110885502
-0.351102541501172
-0.3509771039117832
-0.3508417496019036
-0.3503136596780674
-0.3512043658299732
-0.3510828780220385
-0.3509435185591676
-0.3504195550772101
-0.3513060436090355
-0.3511884943451716
-0.3510454063564759
-0.3505252657265079
-0.351407319765526
-0.3512939615459952
-0.3511468829808388
-0.3506308560580008
-0.3513310543995462
-0.3513968692796374
-0.3514282950173881
-0.3507362962162804
-0.3516097573927469
-0.3515044333991559
-0.3513498530906313
-0.3508415513758997
-0.3517105986866452
-0.3516094490154
-0.3514511579722331
-0.3509466555695016
-0.3518112958329433
-0.3517143086725103
-0.351552054946023
-0.3510516322861609
-0.351912089912029
-0.3518190344724118
-0.3516530665409378
-0.3511564272828084
-0.3520124869289836
-0.3519236058807704
-0.351753671849766
-0.3512611043001579
-0.3521129941618283
-0.3520280336058752
-0.3518543961436694
-0.3513656004057971
-0.3522131058247931
-0.3521323061381116
-0.3519547157542076
-0.3514699792951324
-0.3523133278412158
-0.352236436961696
-0.3520548931353817
-0.351574209760699
-0.3522367168928213
-0.3523380408173021
-0.3523340184640645
-0.3516782938848381
-0.3523366799984333
-0.3524418777981907
-0.3524338846346721
-0.3517822304211975
-0.3524365018840737
-0.352545567644307
-0.352533609822239
-0.3518860197874554
-0.3525361808242724
-0.3526493640297294
-0.3526332210734159
-0.3519894054229181
-0.352635715943029
-0.3527527608418863
-0.3527326654638369
-0.3520929016841501
-0.352735116532168
-0.3528560117624153
-0.3528319662250134
-0.3521965042129891
-0.3530098504630714
-0.3529611988444126
-0.3527535611061177
-0.3522996761395838
-0.3531086979219688
-0.3530641575296649
-0.3528528731230567
-0.3524027029971565
-0.3532074068626047
-0.3531669714941259
-0.3529520460706688
-0.3525055851929533
-0.3533059776731597
-0.3532696411439625
-0.3530510803383992
-0.3526083231324851
-0.3534044107402186
-0.3533721604730262
-0.3531497192992471
-0.3527109482946704
-0.3535029549182889
-0.3534745422801985
-0.3532484774009955
-0.352813398940076
-0.353601113683444
-0.3535767754981493
-0.3533468417191447
-0.3529157375254863
-0.3536993836743825
-0.3536788710667703
-0.3534453251925347
-0.3530179024782211
-0.353797269663903
-0.3537808199324842
-0.3535434163947917
-0.3531199560820388
-0.3538952669909482
-0.3538826306908036
-0.3536416267646803
-0.3532218369301958
-0.3539928817183584
-0.3539842969478076
-0.3537394463651049
-0.3533236071343736
-0.3540906078920251
-0.3540858243129521
-0.3538373851436543
-0.3534252054528595
-0.3541879528582934
-0.354187209689535
-0.3539349346437821
-0.3535266938261408
-0.35428540937664
-0.3542884550674559
-0.3540326033307454
-0.3536280111766912
-0.3543824860703584
-0.3543895612768667
-0.3541298842196956
-0.3537292192748948
-0.3544796744189713
-0.3544905260627261
-0.3542272843022246
-0.3538302572064875
-0.3545764843163672
-0.3545913548033698
-0.3543242980568321
-0.353931186572531
-0.3546734059686343
-0.3546920403814409
-0.3544214310099564
-0.3540319466212526
-0.3547699505337959
-0.3547925931060489
-0.3545184309325776
-0.3541325682967358
-0.3548663629629623
-0.3548930020588889
-0.3546150439613985
-0.3542330850421899
-0.3549628947555616
-0.3549932672185082
-0.3547117757807307
-0.3543334337286109
-0.3550590514743537
-0.3550933920204734
-0.3548081249087407
-0.3544336755383602
-0.3551553201797365
-0.3551933814092189
-0.3549045932407567
-0.3545337501216796
-0.3552512151527127
-0.3552932346115784
-0.3550006803157189
-0.3546337184948363
-0.3553472222025462
-0.3553929495766235
-0.3550968865935077
-0.3547335204675561
-0.3554428568524057
-0.3554925328127165
-0.3551927130385135
-0.3548332168910143
-0.355538603666666
-0.3555919746909086
-0.3552886586835222
-0.3549327477335288
-0.3556339794045179
-0.3556912878468036
-0.3553844745269918
-0.3550321435586644
-0.3557292261973823
-0.3557904625100544
-0.3554799126605098
-0.3551314348154959
-0.3558245852859282
-0.3558895038708961
-0.355575469981906
-0.3552305617085338
-0.3559195752621511
-0.3559884126104134
-0.3556706509930035
-0.3553295846803047
-0.3560146776149775
-0.3560871841625391
-0.3557659511850915
-0.3554284440918188
-0.3561094111673677
-0.3561858299161557
-0.3558611279860433
-0.3555271593876903
-0.3562040150104884
-0.3562843384274768
-0.3559559305569423
-0.3556257717372203
-0.3562987313576106
-0.3563827165875547
-0.3560508522846373
-0.3557242217344957
-0.3563930818296435
-0.3564809631251872
-0.3561454011580981
-0.3558225694188232
-0.3564875448802778
-0.3565790746873009
-0.3562400691775641
-0.3559207555388791
-0.356581643336252
-0.3566770596859782
-0.3563346108373931
-0.3560188102464465
-0.3566756162749162
-0.3567749096013647
-0.3564287816938436
-0.3561167635813904
-0.3567697019042276
-0.3568726301999972
-0.3565230716726225
-0.3562145565225332
-0.3568634248391818
-0.3569702220158276
-0.3566169922004495
-0.3563122487113213
-0.3569572605332497
-0.3570676791729649
-0.3567110318360538
-0.3564097812791537
-0.3570507347926323
-0.3571650122056362
-0.3568049467847551
-0.3565071841760711
-0.3571440851952361
-0.3572622131929357
-0.3568984942986984
-0.3566044872415388
-0.357237548459895
-0.357359284034089
-0.3569921608912728
-0.3567016318341262
-0.3573306521594358
-0.3574562300281688
-0.3570857037846779
-0.356798647784244
-0.3574236329827414
-0.3575530436168143
-0.3571788812390657
-0.3568955648123756
-0.3575167267657525
-0.3576497292400737
-0.3572721683214531
-0.3569923330175425
-0.3576094606908768
-0.3577462875364494
-0.3573650913009585
-0.3570890028917192
-0.3577023076355442
-0.3578427130701385
-0.3574581333113559
-0.3571855161640453
-0.3577947980989583
-0.3579390175869307
-0.3575510532552217
-0.3572819024697558
-0.357887167297466
-0.3580351941248184
-0.3576436110584768
-0.3573781913354013
-0.3579796496046305
-0.3581312405769345
-0.3577362878551315
-0.3574743247127633
-0.3580717772523312
-0.3582271661592693
-0.357828843542133
-0.3575703321199267
-0.3581637845851235
-0.358322964256082
-0.3579210390311411
-0.3576662429670119
-0.3582559051106989
-0.3584186342821819
-0.3580133534730878
-0.357761999426816
-0.358347672781149
-0.358514183899055
-0.3581055477510632
-0.357857630901112
-0.3584393210755732
-0.3586096068313297
-0.3581973837542708
-0.3579531666845648
-0.3585310826420025
-0.358704903057794
-0.3582893386671357
-0.3580485491692407
-0.3586224931405424
-0.3588000796433718
-0.3583811743506556
-0.35814380764164
-0.3587137851909509
-0.3588951306473133
-0.358472653663553
-0.3582389712818773
-0.358805190587801
-0.3589900556718104
-0.3585642518399396
-0.3583339826996515
-0.3588962466869644
-0.3590848621261638
-0.358655731710729
-0.3584288710670485
-0.3589871852551091
-0.3591795443985022
-0.358746857096246
-0.3585236654504812
-0.3590782372395056
-0.3592741007903749
-0.3588381012963673
-0.358618308675741
-0.3591689416796936
-0.3593685399798149
-0.3589292281039293
-0.358712829801362
-0.3592595294953751
-0.3594628566782315
-0.3590200022929912
-0.358807257781009
-0.3593502307925167
-0.3595570469789297
-0.3591108952451252
-0.3589015356548237
-0.3594405862824602
-0.3596511217365896
-0.359201671707214
-0.3589956923688042
-0.359530826043957
-0.3597450756333246
-0.3592923319778052
-0.3590897282338258
-0.3596209503733904
-0.3598389055464662
-0.3593826420934181
-0.3591836720545586
-0.3597111882672583
-0.3599326158156703
-0.3594730708964782
-0.3592774671544581
-0.3598010826417796
-0.3600262090075664
-0.3595633843967604
-0.3593711386797704
-0.3598908513060566
-0.3601196913228735
-0.3596533457171466
-0.359464715200555
-0.3599807336046246
-0.3602130520396197
-0.3597434256730518
-0.3595581440373427
-0.3600702740981082
-0.3603062979981376
-0.3598333912103646
-0.359651453873967
-0.3601597009290072
-0.360399424953608
-0.3599230102295956
-0.3597446732915888
-0.360249241444813
-0.3604924278063354
-0.36001274782437
-0.3598377460392155
-0.3603384418390227
-0.3605853185008563
-0.3601023718690226
-0.3599307006910238
-0.3604275294328929
-0.3606780913673012
-0.3601918826509033
-0.3600235375461432
-0.3605165045117225
-0.360770745017665
-0.3602810492993987
-0.3601162850406258
-0.3606055933392385
-0.36086327861905
-0.3603703344368381
-0.3602088871998937
-0.3606943442628756
-0.3609556998088028
-0.3604595071668998
-0.3603013724531368
-0.3607829835206839
-0.3610480043572816
-0.3605485677725671
-0.3603937410950592
-0.3608715113935841
-0.361140189988276
-0.3606372865990232
-0.3604860214179809
-0.3609601530718033
-0.3612322585462655
-0.36072612382377
-0.3605781577210962
-0.3610484590367327
-0.36132421495131
-0.3608148497666506
-0.3606701782901449
-0.3611366544532633
-0.3614160558840493
-0.360903464706481
-0.3607620834153668
-0.3612247395981217
-0.3615077786978048
-0.3609917401912518
-0.3608539012469363
-0.3613129385979126
-0.361599386361204
-0.3610801339797832
-0.3609455763550463
-0.3614008040484061
-0.3616908826307401
-0.3611684175951504
-0.3610371368835443
-0.3614885600511812
-0.3617822645794977
-0.3612565913119638
-0.3611285831182976
-0.3615762068789085
-0.3618735296962703
-0.3613444278685217
-0.3612199430686942
-0.3616639676043303
-0.3619646805559101
-0.3614323826304323
-0.3613111615734279
-0.3617513969182896
-0.3614692011759097
-0.3615219403185448
-0.3619869484352152
-0.361838962270552
-0.3619856253945449
-0.3617669469220648
-0.3614928024574018
-0.3619266149069307
-0.3620728337262583
-0.3618581775645078
-0.3615832860157655
-0.3620141589372945
-0.3621599345037113
-0.3619492948599958
-0.3616736576958085
-0.3621015946307621
-0.3622469279921939
-0.3620402990897091
-0.3617639177737689
-0.3621889222553902
-0.3623338144559998
-0.3621311905337824
-0.3618540665248323
-0.3622761420783138
-0.3624205941584588
-0.3622219694713368
-0.3619441042231747
-0.3623632543656046
-0.3625072673619558
-0.3623126361803787
-0.3620340311419362
-0.3624502593824286
-0.3625938343278787
-0.3624031909379507
-0.3621238475532811
-0.3625371573929447
-0.3626802953167008
-0.3624936340200312
-0.3622135537283432
-0.362623948660307
-0.3627666505878528
-0.3625839657016232
-0.3623031499372962
-0.3627106334467465
-0.3628528981049243
-0.3626739683995792
-0.3623928614359492
-0.3627971889331355
-0.3629390384275252
-0.3621752933882685
-0.3630708090932964
-0.3628836610175863
-0.3630250785464322
-0.362264993496384
-0.3631603763796133
-0.3629700274031863
-0.3631110132530801
-0.3623548078752605
-0.3632496173814156
-0.3630562653530106
-0.3631968384089796
-0.3624442883727638
-0.3633389664260072
-0.3631424211286947
-0.3632825652519539
-0.3625336594609159
-0.3634282067412575
-0.3632284719776728
-0.3633681881659547
-0.3626229214067985
-0.3635173385912871
-0.3633144181555401
-0.3634537049700129
-0.3627122976701509
-0.3636061463279033
-0.3634002370341267
-0.3635391166867619
-0.3628013421419056
-0.3636950620494138
-0.3634859746459955
-0.3636244293534899
-0.3628902782667645
-0.3637838700924627
-0.363571608347711
-0.3637096389754421
-0.3629793287375811
-0.3638723556305385
-0.3636571155919892
-0.3637947396517176
-0.3630680489701631
-0.3639609491097713
-0.3635812901181666
-0.3640408898583001
-0.3631568840878952
-0.3640492206057694
-0.36366661209158
-0.364125774351829
-0.3632456116589441
-0.3641373857393224
-0.3637518311707666
-0.3642105569765581
-0.3633342319431621
-0.3642254447662268
-0.363836947603783
-0.3642952379768883
-0.3634227451995233
-0.3643133979414053
-0.3639219595841064
-0.3643798402470749
-0.363510930732742
-0.3644014590520356
-0.3640068670196578
-0.3644643187156292
-0.3635992307027956
-0.3644892012810075
-0.364091668558659
-0.3645487188839461
-0.3636872039658082
-0.3645770514154225
-0.3641763736194322
-0.3646330183569062
-0.3637750714700434
-0.3646647964338789
-0.3642609772186791
-0.3647172173747543
-0.3638628334693586
-0.3647524365875677
-0.3643454783977129
-0.364801293662704
-0.3639507099301153
-0.3648397599397172
-0.364429874587244
-0.3648852925003467
-0.3640382616896716
-0.3649271911258978
-0.3645141752867059
-0.3649691915984894
-0.3641257087003021
-0.3650145181952158
-0.3645983754915278
-0.3650529911939079
-0.3642130512122699
-0.3651017413953163
-0.3646824747546005
-0.3651366691163662
-0.3643005082044682
-0.3651886498488004
-0.3647664689882936
-0.3652202704259542
-0.3643876424781538
-0.3652756660615995
-0.3648503691728323
-0.3653037729382578
-0.3644746729984094
-0.36536257914247
-0.3649341698158786
-0.36538717688676
-0.3645616000119058
-0.3654493893355275
-0.3650178711535799
-0.3654704825041041
-0.3646484237644331
-0.3655360968839159
-0.3651014708309552
-0.3655536677495295
-0.364735362014795
-0.3656224922217071
-0.3651849705046347
-0.3656367774114396
-0.3648219799909687
-0.3657089952187567
-0.3652683753641805
-0.365719789435226
-0.3649084954382558
-0.3657953962955471
-0.3653516818546948
-0.3658027040502803
-0.3649949085989576
-0.3658816956918513
-0.3654348891627958
-0.3658854921640985
-0.3650816448743172
-0.3659674680117798
-0.3655180254101489
-0.3659681862426941
-0.3651682788473641
-0.3660531396265187
-0.3656010638676053
-0.3660508087172944
-0.365254386593625
-0.3661391354115419
-0.3656839766646456
-0.3661333096103473
-0.3653408166840085
-0.3662246063233426
-0.3657668205769674
-0.3662157141885903
-0.3654271451922974
-0.3663099772357392
-0.3658495675010936
-0.3662980227171888
-0.3655133723568671
-0.3663952483823359
-0.3659322176640647
-0.3663802338355524
-0.365599291354847
-0.3664806354407067
-0.3660147396753314
-0.3664623773542308
-0.3656848948552873
-0.3665661299356461
-0.3660971712161636
-0.3665444242817452
-0.3657706047606916
-0.3666513098952485
-0.366179528108877
-0.3666263561973278
-0.3658562248700866
-0.3667363902871758
-0.3662617690791935
-0.3667081881295903
-0.3659419511180966
-0.3668211573496843
-0.3663439363468077
-0.3667899310124118
-0.3660275774330441
-0.3669058260415851
-0.3664260082014292
-0.3668715793891802
-0.3661131040475238
-0.366990396590793
-0.3665079848646005
-0.3669531334783948
-0.3661985311933592
-0.3670748692245077
-0.366589866557107
-0.3670345934978422
-0.3662838591014952
-0.3671592441690408
-0.3666716534990024
-0.3671159596645495
-0.3663690880021102
-0.3672435216499856
-0.3667533459095292
-0.3671972321947836
-0.3664542181246055
-0.3673277018921546
-0.366834944007184
-0.3672784097437567
-0.3665390454113149
-0.3674119979982123
-0.366916426292231
-0.3673594910067128
-0.3666239786730855
-0.3674959844448288
-0.3669978353937753
-0.3674405134285543
-0.3667083979256058
-0.3675802906870588
-0.3670791250121432
-0.3675214087724024
-0.3667931352239868
-0.3676640842172336
-0.3671603479653839
-0.3676022460581831
-0.3668773599163253
-0.3677473952381076
-0.3673983638370569
-0.3675252611693731
-0.366961293085217
-0.3678280518145041
-0.367482548798243
-0.3676062813684626
-0.367045129948453
-0.3679086161643393
-0.3675666371807107
-0.3676872089358384
-0.3671288707267255
-0.3679890884986265
-0.3676506292057489
-0.3677680379933968
-0.3672127263683567
-0.3680694475119903
-0.367734312881609
-0.3678487756262692
-0.367296486148532
-0.3681497149722547
-0.3678179009207138
-0.3679294213281346
-0.3673801502860644
-0.3682298910879924
-0.367901393541334
-0.3680099753082891
-0.3674637189990123
-0.3683099760671302
-0.3679847909609507
-0.3680904377753967
-0.3675471925046669
-0.3683899701168092
-0.3680680933963075
-0.3681708089373505
-0.3676305710196177
-0.3684698734435133
-0.3681513010634405
-0.3682510890013422
-0.3677138538942595
-0.3685496765857454
-0.3682344235183039
-0.3683312744897212
-0.3677968274352372
-0.3686294107708226
-0.3683176620637497
-0.3684113637065117
-0.3678799157959916
-0.3687090334989015
-0.3684005960163349
-0.3684913682944611
-0.3679629100316751
-0.3687885663344078
-0.3684834360463478
-0.3685712826107443
-0.368045810355132
-0.3688680094803244
-0.3685661823661692
-0.3686511068590382
-0.3681286169785695
-0.3689473607434007
-0.3686488371397353
-0.3687308447842181
-0.3682113217076003
-0.3690266226400866
-0.3687313961994425
-0.3688104854945414
-0.3682939399129205
-0.3691057936372864
-0.3688138618995984
-0.3688900367484854
-0.3683764650521594
-0.3691848757548084
-0.3688962347326815
-0.3689694987469759
-0.3684588973346428
-0.3692638691921888
-0.3689785149075319
-0.3690488716902895
-0.3685412369689895
-0.369342774148296
-0.369060702632277
-0.3691281557780351
-0.3686234841630943
-0.3694215908213168
-0.3691427981143253
-0.3692073503404014
-0.3687054323802992
-0.3695003404877731
-0.3692250092589727
-0.3692864521194495
-0.3687874953130479
-0.3695789811700048
-0.3693069208589341
-0.3693654708148695
-0.3688694664251059
-0.3696575341599036
-0.3693887408343409
-0.3694444014465032
-0.3689513459216406
-0.3697359996529591
-0.3694704693898699
-0.3695232442106237
-0.3690331340070797
-0.3698143778441023
-0.3695521067294513
-0.3696019993028583
-0.369114830885144
-0.3698926689276416
-0.3696336530563598
-0.3696806669181708
-0.3691964367589627
-0.3699708730971144
-0.3697151085732409
-0.3697592472508662
-0.3692779518309172
-0.3700489905455032
-0.3697964734819917
-0.3698377403872543
-0.369359171280664
-0.3701270423552451
-0.3698779537377772
-0.3699161408342397
-0.3694405053517966
-0.3702049869217092
-0.369959138017601
-0.3699944604625728
-0.3695217492242476
-0.3702828453422142
-0.3700402322911225
-0.3700726935791784
-0.369602903097773
-0.3703606178071431
-0.3701212367576003
-0.3701508403751274
-0.3696839671714303
-0.3704383045062514
-0.3702021516156332
-0.3702289010409232
-0.3697649416436232
-0.3705159056287145
-0.3702829770631466
-0.3703068757664301
-0.369845826712063
-0.3705934213630782
-0.3703637132973577
-0.370384764740868
-0.3699266225738435
-0.3706708518972459
-0.3704443605149357
-0.3704625671016117
-0.3700071260972025
-0.3707482181231799
-0.3705251227576193
-0.3705402802353361
-0.3700877441329326
-0.3708254788025047
-0.3706055925139779
-0.3706179130700726
-0.3701682735494219
-0.3709026548416808
-0.3706859738397271
-0.3706954609044767
-0.3702487145410887
-0.3709797464262062
-0.3707662669288943
-0.3707729239246712
-0.3703290673018694
-0.371056753740816
-0.3708464719749603
-0.3708503023161099
-0.370409332024999
-0.3711336769697494
-0.3709265891706748
-0.3709275962637415
-0.370489508903007
-0.371210516296659
-0.3710066187081474
-0.3710048042019755
-0.3705693962587333
-0.3712872924496432
-0.371086762983318
-0.3710819256549541
-0.370649398020626
-0.3713639645056922
-0.3711666177633866
-0.3711589673593378
-0.3707293125114238
-0.371440553207017
-0.3712463854579022
-0.3712359253535666
-0.3708091399212401
-0.3715170587348429
-0.3713260662565697
-0.3713127998194863
-0.3708888804395477
-0.3715934812698123
-0.371405660348378
-0.3713895909384487
-0.3709685342551443
-0.371669820991986
-0.371485167921731
-0.3714662972309438
-0.3710479009205653
-0.3717460984910335
-0.371564789982081
-0.3715429179872188
-0.3711273818938318
-0.3718222731104813
-0.3716441250667276
-0.3716194601323631
-0.371206776727308
-0.3718983654538205
-0.3717233741945141
-0.3716959196499466
-0.3712860856073764
-0.3719743756987886
-0.3718025375514148
-0.3717722967183522
-0.3713653087198216
-0.3720503040225515
-0.3718816153227363
-0.3718485911797473
-0.3714442466295119
-0.3721261709008218
-0.3719608073687566
-0.3719247983797276
-0.3715232987607844
-0.3722019358966234
-0.37203971450841
-0.3720009291505875
-0.3716022656782226
-0.3722776194992731
-0.3721185366150667
-0.3720769781801115
-0.3716811475652729
-0.3723532218836244
-0.3721972738717086
-0.3721529456438299
-0.3717599446047106
-0.3724287432240256
-0.3722759264606744
-0.3722288317167113
-0.371838656978776
-0.3725041836941929
-0.372354494563816
-0.3723046346785675
-0.3719170864555704
-0.3725795636348073
-0.3724331766858148
-0.3723803545860385
-0.3719956300424511
-0.3726548428691349
-0.3725115763463918
-0.3724559975161513
-0.3720740895071463
-0.3727300417511827
-0.3725898920630628
-0.3725315597496861
-0.3721524650295402
-0.3728051604524729
-0.3726681240153084
-0.37260704145879
-0.3722307567889807
-0.3728801991439662
-0.3727462723820235
-0.3726824408855475
-0.3723087675442509
-0.3729551780552032
-0.3728245345512843
-0.3727577582199995
-0.3723868923126907
-0.3730300572237989
-0.3729025162676528
-0.3728329993693233
-0.3724649338526882
-0.3731048568923126
-0.3729804149318106
-0.3729081606774707
-0.3725428923412744
-0.3731795772295426
-0.3730582307204243
-0.3729832422147243
-0.3726205713216112
-0.3732542383769152
-0.373136160135944
-0.3730582387023474
-0.3726983642356446
-0.37332880054202
-0.3732138106874644
-0.3731331614875724
-0.372776074626019
-0.3734032838790718
-0.3732913788899708
-0.3732080051061656
-0.3728537026675365
-0.3734776885547667
-0.3733688649178445
-0.3732827697253924
-0.3729312485344505
-0.3735520147352357
-0.3734462689448907
-0.3733574542937768
-0.3730085167434193
-0.3736262824528911
-0.3735237863796635
-0.373432056917948
-0.3730858987810547
-0.3737004521256269
-0.3736010269110783
-0.3735065855241246
-0.3731631991634714
-0.3737745437984721
-0.3736781859599391
-0.3735810357948964
-0.37324041806277
-0.3738485576354492
-0.3737552636978811
-0.3736554076368903
-0.3733173607663565
-0.3739225135825903
-0.3738324546657452
-0.3737296962981016
-0.37339441721285
-0.3739963722245288
-0.3739093702814777
-0.373803912535268
-0.3734713926890744
-0.3740701535197054
-0.3739862050980316
-0.3738780510926272
-0.3735482873649518
-0.3741438576301036
-0.3740629592849001
-0.3739521121327904
-0.37362510140977
-0.3742174847172376
-0.3741396330109975
-0.3740260934032075
-0.373701641067804
-0.3742910546202484
-0.3742164197451245
-0.3740999966491131
-0.373778294356139
-0.3743645281300496
-0.3742929330416232
-0.3741738260950742
-0.3738548675183636
-0.37443792509804
-0.3743693663810546
-0.3742475786692748
-0.3739313607216283
-0.3745112456837019
-0.3744457199303246
-0.374321252243989
-0.3740075809678046
-0.3745845096414016
-0.3745221863079064
-0.3743948482053264
-0.3740839147526235
-0.3746576779257845
-0.3745983807626158
-0.3744683711095416
-0.374160169077102
-0.3747307703032829
-0.3746744959246072
-0.374541817779271
-0.3742363441064188
-0.3748037869313968
-0.3747505319586867
-0.3746151858469423
-0.3743122475941656
-0.3748767474805635
-0.374826680640435
-0.3746884774340505
-0.3743882645264128
-0.3749496130675684
-0.3749025588984111
-0.3747616963341046
-0.3744642026558899
-0.3750224033747745
-0.3749783585197622
-0.3748348394801871
-0.3745398702946543
-0.3750951380100551
-0.3750542706512023
-0.3749079018796446
-0.3746156513073684
-0.3751677782110749
-0.3751299134746129
-0.3749808944198541
-0.3746913540051173
-0.3752403435975619
-0.375205478148078
-0.3750538118220313
-0.3747669785495088
-0.37531283432357
-0.3752809648328473
-0.3751266532187669
-0.3748423339945112
-0.3753852699142626
-0.3753565638457723
-0.3751994162581791
-0.3749178027149919
-0.3754576117672082
-0.3754318950226661
-0.3752721091599325
-0.3749931937640256
-0.3755298794191512
-0.3755071486916383
-0.3753447275395759
-0.3750685073011427
-0.3756020730223463
-0.3755823250118526
-0.3754172693085815
-0.3751435531165709
-0.3756742120199258
-0.3756576134775989
-0.3754897357938582
-0.3752187121068029
-0.3757462579680005
-0.3757326355641635
-0.3755621315097009
-0.3752937940610771
-0.3758182303211747
-0.3758075807768347
-0.3756344526919929
-0.3753686093165569
-0.3758901484614929
-0.3758826379960593
-0.3757066958189026
-0.3754435376714565
-0.3759619740632391
-0.3759574299204971
-0.3757788702337062
-0.3755183894618884
-0.37603372651983
-0.376032145441522
-0.3758509711862008
-0.3755931648440727
-0.3761054059802237
-0.3761067847149929
-0.3759229963839603
-0.3756676748819615
-0.3761770317455845
-0.3761815358112561
-0.3759949477923745
-0.3757422979145904
-0.3762485656465931
-0.3762560230435665
-0.3760668292413321
-0.3758168450048455
-0.3763200269955849
-0.3763304344931214
-0.3761386365385809
-0.375891127756441
-0.3763914350335962
-0.3764049576256572
-0.3762103681937143
-0.3759655234245484
-0.3764627517077522
-0.3764792179594252
-0.3762820314729711
-0.3760398436117853
-0.3765339962701046
-0.3765534029709157
-0.3763536219995827
-0.3761139004587919
-0.3766051879018534
-0.3766276995252844
-0.376425135427056
-0.3761880701427948
-0.376676288665899
-0.3767017343378996
-0.3764965818583726
-0.3762621648033041
-0.3767473177543266
-0.376775694284594
-0.3765679563025399
-0.3763361845918276
-0.3768182753116784
-0.3768495795165093
-0.3766392559204372
-0.3764099423622761
-0.3768891804399753
-0.3769235761060744
-0.37671048435567
-0.3764838128598892
-0.3769599953552967
-0.3769973123487755
-0.3767816436955252
-0.3765576089373484
-0.3770307391704485
-0.3770709743275391
-0.3768527291555406
-0.3766311439785701
-0.3771014309284774
-0.3771447475232076
-0.376923742852921
-0.3767047916648201
-0.3771720329596719
