1 0 0  -0.000974444
0 1 0  -0.00337667
0 0 1  -0.00183683
2 0 0  0.972935
1 1 0  -0.0391967
1 0 1  -0.0133177
0 2 0  1.01932
0 1 1  0.0148126
0 0 2  0.746502
3 0 0  -0.00171711
2 1 0  0.00541995
2 0 1  0.00726993
1 2 0  -0.000937794
1 1 1  0.0518689
1 0 2  0.295246
0 3 0  0.00480927
0 2 1  -0.0131251
0 1 2  -0.334172
0 0 3  -0.212299
4 0 0  0.270483
3 1 0  -0.00995471
3 0 1  0.0119254
2 2 0  0.444313
2 1 1  -0.016077
2 0 2  0.125523
1 3 0  -0.0086905
1 2 1  -0.0196222
1 1 2  -0.142021
1 0 3  -0.0787402
0 4 0  0.275315
0 3 1  0.0238318
0 2 2  0.169673
0 1 3  0.10876
0 0 4  0.514292

p :
0.998187 0.00205055 -7.28216e-07
0.00205055 0.971132 1.60111e-08
-7.28216e-07 1.60111e-08 1.0316
