3.701562118716424
1.46577049046548
2.869713862053695
1.158269398853694
2.389271860488548
1.351112330415055
1.36562981159295
1.236980832736862
1.333494037238226
1.171302864104829
1.313568916436346
1.152364123475327
1.529881579059233
1.158688527373103
1.267341738431736
1.149465019080274
1.435396420409748
1.153589984390535
1.241056179888213
1.148142282674777
1.378172824815371
1.151041349082621
1.224109981343817
1.147431164559958
1.33982017900608
1.149588830579256
1.21228019436835
1.147005684955434
1.312332047708726
1.148683770487318
1.203554960468152
1.146731173714811
1.291667442134731
1.148082148178158
1.196854503015255
1.146543857090899
1.275567393127605
1.147662115319016
1.191547568726379
1.14641038331981
1.262670561788191
1.14735734566914
1.187240521504385
1.146311940402619
1.252107818644488
1.147129236209399
1.183675183383004
1.146237265678733
1.243298291778511
1.146954084415144
1.180675196201787
1.146179282905353
1.23583904111402
1.146816685398571
1.17811599538162
1.14613336523866
1.229441789546557
1.146706922704836
1.175907100098188
1.146096384230908
1.223894853143948
1.146617854040138
1.173981203855868
1.146066163221457
1.219039292044076
1.146544587241949
1.17228720261488
1.146041149931693
1.214753448797071
1.146483594569052
1.170785596703204
1.146020213280685
1.21094262376238
1.146432280344729
1.169445374320366
1.146002513345571
1.207532001056612
1.146388700370064
1.168241848111337
1.145987415854715
1.204461690755362
1.14635137514563
1.16715512129252
1.145974434602305
1.201683183892348
1.146319162701785
1.16616897950266
1.145963191831488
1.199156771898313
1.146291170249398
1.165270076631367
1.145953390453289
1.196849637671078
1.1462666916767
1.16444732749772
1.145944794226443
1.194734422835093
1.146245162599308
1.163691448562035
1.145937213394049
1.192788138146998
1.146226127548039
1.162994606220208
1.145930494125341
1.190991324852108
1.146209215688465
1.162350144387053
1.145924510652762
1.189327402057807
1.146194122628254
1.161752371270717
1.145919159345784
1.187782153706034
1.146180596628275
1.161196390858627
1.145914354194858
1.186343321508787
1.146168428040295
1.160677968546639
1.145910023334743
1.185000279163573
1.146157441136202
1.160193423104531
1.14590610634252
1.183743769525409
1.146147487729548
1.159739539146379
1.145902552119128
1.182565690985013
1.146138442153735
1.159313495704784
1.145899317214746
1.18145892263127
1.146130197276808
1.158912807555296
1.145896364494815
1.180417180224342
1.146122661315383
1.158535276712486
1.145893662069825
1.179434896826
1.146115755269657
1.158178952098273
1.145891182430793
1.178507123299158
1.146109410844949
1.157842095820082
1.145891066068636
1.157761280194605
1.145968532657151
1.176991762534439
1.145891004066871
1.176786637968237
1.146086956283153
1.157224946789598
1.14589063842711
1.15715223752506
1.145960759445035
1.175423559270564
1.145890859685719
1.175238539068923
1.146067753830682
1.156668397446739
1.14589029037237
1.15660263332105
1.14595408551829
1.174005888651787
1.145890741565662
1.173838155739227
1.146051204562525
1.15616394034285
1.145890004220868
1.156104171781552
1.145948312978478
1.172718070065862
1.145890643998116
1.17256531011308
1.146036841329328
1.155704589208865
1.145889766801604
1.155650032174195
1.145943286532401
1.171543045027428
1.145890562701009
1.171403339104958
1.146024295439297
1.155284553525548
1.14588956816793
1.155234554955761
1.145938882941867
1.170466617482253
1.145890494419661
1.170338361088754
1.146013272768925
1.154898993206095
1.145889524838849
1.169841043344228
1.14601076393809
1.154716901254005
1.145891833939758
1.154672739333419
1.14593229502435
1.169013823778329
1.145889542668734
1.154501282623285
1.145931461473448
1.168564044504889
1.14589028097784
1.168454836127447
1.145995177763943
1.154215502692364
1.145889517019766
1.168030368027719
1.145993196354579
1.154059811410326
1.145891347338717
1.154021966392183
1.145926259305863
1.167321624804763
1.145889525461645
1.153874711523734
1.145925595078289
1.166934850555976
1.145890124265016
1.166840741694796
1.145980778018437
1.153628404126113
1.145889511664022
1.166474214108397
1.145979185970842
1.153493761997087
1.145890985933372
1.15346096945751
1.145921415686316
1.165860203463523
1.145889513511225
1.153333131621285
1.145920877857848
1.165524066468789
1.145890006622793
1.165442129062283
1.145969131912395
1.153118649417892
1.145889507896276
1.165122440133714
1.145967833540189
1.153001059312231
1.145890711922033
1.152972371076758
1.145917469749932
1.16458536387005
1.145889505002852
1.152860348423375
1.145917028180196
1.164290533660536
1.145889916597762
1.164218550536033
1.145959579680523
1.15267189917016
1.145889505183542
1.163937263636059
1.145958506974804
1.152568315487464
1.145890500410846
1.152543006603089
1.145914212654449
1.163463518217037
1.145889498812407
1.15244403603409
1.14591384567715
1.163202823412331
1.145889846539985
1.163139084944872
1.145951647922854
1.152277152362904
1.145889503190346
1.162889674345558
1.145950751475037
1.152185213860502
1.145890334551556
1.152162720573476
1.145911492933219
1.162468684184391
1.145889494221662
1.152074647081978
1.145911184650565
1.162236522266582
1.145889791207507
1.162179689041072
1.145944989829826
1.151925828265655
1.14588950169931
1.161957028001895
1.145944233046207
1.151843676101571
1.145890202664502
1.15182355342159
1.145909198570201
1.161580447566375
1.145889490759217
1.151744671567512
1.145908937103825
1.16137237819609
1.14588974692654
1.16132138596557
1.145939346633908
1.151611135536291
1.145889500565976
1.161121390983241
1.145938701945311
1.151537286424249
1.14589009647951
1.151519178421036
1.145907245283452
1.160782546527984
1.145889491606663
1.160735363692928
1.145936268158287
1.151395610675325
1.145890073760821
1.151378398394969
1.145906367307617
1.16041329478286
1.145889509684505
1.151310823562781
1.145906159825304
1.160234896387474
1.14588968718803
1.1601911114968
1.145932390881494
1.151196148177981
1.14588949083553
1.160019137494484
1.145931876326069
1.151132578146957
1.145889995456941
1.151116968863323
1.145904809586158
1.159727087395129
1.145889507863146
1.151055632989178
1.145904630078384
1.159565077706956
1.145889660546374
1.15952528078307
1.145928521938407
1.150951395031347
1.14588949169524
1.150936845464568
1.145903948745299
1.159253073564134
1.145889654761949
1.159215069339065
1.145926765470787
1.150837299767374
1.145889495748931
1.159065614816409
1.145926348253924
1.150782003029177
1.145889887193535
1.150768408815378
1.145902853983362
1.158811294748325
1.145889490699105
1.158775760694481
1.145924760975257
1.150675328997314
1.14588987430127
1.150662320345449
1.145902278496197
1.158532403438053
1.1458895027369
1.150611124608698
1.145902141495134
1.15839705785073
1.145889620884289
1.158363760739819
1.145922201043761
1.150523900549751
1.145889491415508
1.150511701768217
1.145901619166483
1.158135564849259
1.145889616817853
1.158103643697109
1.145920850560764
1.150428079819368
1.145889494207846
1.157977933803421
1.145920528406908
1.15038151938114
1.145889798219595
1.150370057129573
1.145900773888945
1.157763525299123
1.145889490617579
1.157733513506927
1.145919297753504
1.15029143392768
1.145889789020538
1.15028042624856
1.145900326506664
1.157527613855567
1.145889499406838
1.150237049169077
1.145900219584421
1.157412853065138
1.145889592652551
1.157384584309568
1.145917299950155
1.150162989524123
1.145889491244522
1.150152614628229
1.145899810393431
1.157190528721735
1.145889589711077
1.157163338967356
1.145916239380367
1.150081380115209
1.145889493188668
1.157056133804464
1.145915985469767
1.150041638028962
1.145889734001491
1.150031842880495
1.145899144200871
1.156872928925016
1.145889490682497
1.149993211321887
1.145899054294748
1.156770673612267
1.145889579221311
1.156745464461727
1.145914305652815
1.149927162852767
1.145889492997017
1.156646015652446
1.145914078712581
1.149890281497769
1.145889708028398
1.149881186697978
1.145898458874881
1.15647591785327
1.145889490736557
1.156452055501913
1.145913207410406
1.14981866490937
1.145889702210925
1.149809892446582
1.145898141086098
1.156287989945619
1.145889495822786
1.14977526820902
1.14589806476871
1.156196302071095
1.145889563944487
1.156173681405178
1.145911781520347
1.149715997995534
1.14588949059462
1.149707677831848
1.145897771337247
1.156018079872029
1.145889562052655
1.155996233919571
1.145911018663879
1.149650436418688
1.145889492416174
1.155909970515936
1.145910835208758
1.149618422185346
1.145889666835865
1.149610520221647
1.145897290022073
1.155762194517068
1.145889490709721
1.155741438088139
1.14591012889707
1.14955613212485
1.145889662433414
1.149548491685314
1.145897031940348
1.155598555658305
1.145889494520536
1.149518308654652
1.145896969795329
1.155518587668631
1.145889550493697
1.155498841244421
1.145908967829035
1.149466565726009
1.145889490606073
1.155420818870667
1.145908809957662
1.149437596215147
1.145889646493188
1.149430441327611
1.145896555609304
1.155287021572765
1.145889494265664
