0.6892035853867824
13.82533338197848
3.743456779630752
0.8965484616496414
2.64150172025426
0.8989298466630129
0.8542973446106683
0.6615120997074069
0.7445835372919196
0.5791552801039539
1.250051715696866
0.5467768418115595
0.5759797287060962
0.4844087243073814
0.9959354897142835
0.4943194288090947
0.5093451120495543
0.4892723996256146
0.5023844158629762
0.4852132505638027
0.4965440911746307
0.4816721532688007
0.4914366818133274
0.4784191287753244
0.4868546559023033
0.4753325037687312
0.4826704988392172
0.472345674938056
0.478795564770967
0.4694229152648272
0.4751633949678709
0.4665469934064357
0.4717229859887525
0.4637116159559174
0.4684356335184758
0.4609162531986648
0.4652726576508434
0.4624249625244229
0.4641731497494632
0.4580976270581822
0.4616966205497282
0.4617594210171557
0.4609036258850242
0.4571292636561175
0.460548714332645
0.4551659510496019
0.6081324863804284
0.4546547984878723
0.6040881556118637
0.4564741380406732
0.4601174611386641
0.4555572383652913
0.5883649439879429
0.4551261866216971
0.5850826453719491
0.4549152010846454
0.5822090311979294
0.4554246809831728
0.4593497070225071
0.4554807488630119
0.5705162552676437
0.4551759188657337
0.5680052918604992
0.4550001609134752
0.5657564748326658
0.4548414431846806
0.5636342803153734
0.455843861179429
0.4583874742096813
0.4551626949326847
0.5551304344925738
0.4549453459089571
0.5532366919144805
0.4548007903076121
0.5515070149599939
0.4552595680216964
0.4578365350286177
0.4549990094944457
0.5447236922026668
0.4548230721731237
0.5431638639739572
0.4546965711665627
0.5417235312538827
0.4547855919531453
0.4573467660440683
0.4548163077330168
0.5362101175012846
0.4546644722071272
0.5349045976153842
0.4545551258555964
0.5336955172985808
0.4544545786250748
0.5325401005283091
0.4549473127217554
0.4567976758046982
0.4545399796271532
0.5281246321662311
0.4544148750878552
0.5270601231175835
0.4543231807966138
0.5260712299135712
0.4546061648232109
0.4564779048131315
0.4543913168356684
0.5223071122592553
0.4542827503330651
0.5213890941895485
0.4542019235769856
0.5205344003283918
0.4542957201771461
0.4562036573551597
0.4542577967493165
0.5172799350727362
0.4541630344828941
0.5164797508521526
0.4540910958062135
0.5157327576299582
0.4540242702107393
0.5150134988552607
0.4543172833479903
0.4558701282214976
0.4540691254745586
0.5122546874718117
0.4539887976366973
0.5115724487913229
0.4539259486467135
0.5109327430744626
0.4540389213525202
0.4556533560905551
0.4539613552893613
0.5085043307835823
0.4538889108349095
0.5078960694904594
0.453831758416895
0.5073253947694971
0.4537847338646959
0.4554613278901745
0.4538604288494726
0.5051662123771674
0.4537951889642531
0.5046207989580396
0.453742984416995
0.5041081766661391
0.4536941622491227
0.5036125057281291
0.4537443115453138
0.4552235636951099
0.4537169459117306
0.501725167248233
0.4536599381339131
0.501246216975173
0.4536131142024807
0.5007941851397354
0.453569118778928
0.5003563993646181
0.4536850484682584
0.4550044670430314
0.453586420025399
0.4986958294966304
0.4535355166031439
0.4982705303732202
0.4534930645930325
0.4978682612420767
0.4534704134498198
0.4548545556628975
0.4535061549530267
0.4963646088733556
0.4534586844882046
0.4959744331392069
0.4534190745085351
0.4956056671781529
0.4533818367256237
0.4952481149707727
0.4534012289885642
0.45467531617197
0.4533918684387542
0.4939031043459949
0.4533494563600425
0.4935530944699764
0.453313274242488
0.4932209129388925
0.4532790927910134
0.4928983700094324
0.4533221654505637
0.4545057322786422
0.4532861816843915
0.4916902432177059
0.4532475229608778
0.491373365708937
0.4532141679372686
0.4910720705966859
0.4531825964825721
0.4907792896574436
0.4532388869349104
0.4543490161148683
0.4531872928856057
0.4896877421833359
0.4531518314656683
0.4893992384482647
0.453120932658286
0.4891244597006233
0.4530916349325931
0.4888572601158335
0.4531525642058127
0.4542036773561193
0.453094386849436
0.4878657386692778
0.4530616874744274
0.4876017523511331
0.4530329432589998
0.4873499284074646
0.4530056425720781
0.487104893552274
0.4530639906402549
0.4540683389762272
0.4530068083396788
0.4861998321123872
0.4529765154549316
0.4859571931327729
0.4529496739717002
0.4857253869633591
0.45292413898596
0.4854996925907719
0.4529737860214768
0.4539418442827303
0.4529240057033938
0.484669888203647
0.4528958237053888
0.484445956202307
0.4528706727056723
0.4842317183862743
0.4528467085869318
0.4840230101976638
0.4528824492476806
0.453823220060623
0.4528455088638872
0.4832591211478744
0.4528191906636173
0.4830516790234302
0.4527955500299141
0.4828529524343866
0.4527729912912401
0.4826592508659695
0.4527903771159227
0.4537116413178921
0.4527709130087758
0.4819534280259981
0.4527462507545538
0.4817606044372185
0.4527239663019473
0.4815756487340146
0.4527026710384547
0.4813952755297622
0.4526978927703864
0.4536063979593128
0.4526998715251663
0.4807408715116641
0.4526766875222484
0.4805610691160874
0.4526556263138952
0.4803883979100211
0.4526354723694326
0.4802199224792925
0.452615785299043
0.4800544834380593
0.4526475952395556
0.4534841376729112
0.4526123297717368
0.4794532471064616
0.4525909446965903
0.4792878453383681
0.4525712844103052
0.4791284768535268
0.4525523931471827
0.4789727668245043
0.452553772669378
0.4533882611765661
0.4525484314513741
0.4784125609924009
0.4525280190001704
0.4782569140107462
0.4525092729791754
0.4781070479261853
0.4524912788944381
0.4779606623464775
0.452473683786682
0.4778167947895403
0.4524947277910912
0.4532794185505599
0.4524693003185519
0.4772983860166332
0.4524503294606442
0.4771542214652266
0.4524327295169826
0.4770149933065151
0.4524157715834433
0.4768788193791247
0.4524017758848468
0.4531933981433462
0.4524110543465664
