0.3888726438911383
0.5676954474067154
0.1630539607762384
0.3986700776576232
0.1003064237378898
0.272293045291806
0.07573093690430954
0.2131001218757216
0.06225933156922605
0.1785613721758551
0.05355827585097897
0.1557793986538496
0.04736737308105377
0.1395289881542583
0.04267351702457052
0.1272912077285928
0.03895195180156216
0.1177010064222743
0.03590210853557563
0.1099534442012829
0.03333857569893516
0.1035425131394389
0.0311402709348786
0.09813375534430907
0.02922446677406566
0.09349698071653019
0.02753252754665392
0.08946839763102797
0.02602161000155579
0.08592816293178585
0.02465959801256465
0.08278648486112902
0.02342188488799209
0.07997469978490396
0.02228925854571251
0.07743935986015155
0.02124647015759396
0.07513820752848333
0.0202812403115046
0.07303736851702575
0.01984009458186212
0.03212478337311575
0.01915679030110702
0.06686808637124256
0.0185229301678215
0.02996706798655785
0.01813961476864087
0.06164410546477224
0.01744137325249031
0.06021721063844256
0.01768529711466355
0.02699551405115605
0.01655092343123107
0.05603047356955418
0.01665744433174599
0.02542008817967177
0.01572848710239092
0.0523625418653455
0.01571158160805866
0.02400416073988713
0.01496426752412625
0.04911615307769444
0.01483519729722785
0.02272078323768564
0.01425046478861523
0.0462173458965254
0.0140184871824211
0.02154903284708262
0.01358076342566718
0.04360882858402401
0.01325362007138244
0.02047238442455999
0.01294997538610057
0.04124549794273931
0.01255293991876484
0.04052523210580118
0.01256956174825731
0.01891133611602332
0.01197265071594479
0.03846429513880678
0.01190886312311298
0.01801981273179917
0.01142172621054843
0.03657090460400635
0.01128212759504343
0.01718667832033072
0.0108973155894946
0.03482342136460112
0.01068596210381964
0.01640520588175421
0.01039696660895529
0.03320387650433823
0.01011746546802736
0.01566972730220276
0.009918554206030487
0.03169721647335132
0.009630445440869495
0.03120912304009715
0.00953754564988997
0.01458528713678935
0.009181534386857738
0.0298485350057944
0.009027983129498998
0.01394523105523962
0.008750338741965
0.02857249722299776
0.008538656897083469
0.01333708356302332
0.008335506626857017
0.0273724151456723
0.008090726087303129
0.02697154295491594
0.008011853514513431
0.01243499300810213
0.007698226177451195
0.02587175942976176
0.007566633707898965
0.01189482240181274
0.007319319349981146
0.02483113056860443
0.007136879892209222
0.01137795054158051
0.006953092013071323
0.02384437237600165
0.006740505731428523
0.02350600944186088
0.006654972830120301
0.0106081211016668
0.00639177718809391
0.02259150211080829
0.006259510102876911
0.01014189328656809
0.006053811087886954
0.0217202306973909
0.005876263211843119
0.009693354719101877
0.005725960967456117
0.02088875554312497
0.005538196857608035
0.02059708036681243
0.005432595228541878
0.00902338843073449
0.005224430896093299
0.01981964046611931
0.005076794250588948
0.008613912438425853
0.004919398990259449
0.01907491219432787
0.004746135066079252
0.01880984473806249
0.00465708022542366
0.008001354714419213
0.004453326871305147
0.01810985851689476
0.004325026818937844
0.007624892450468296
0.004168136404172157
0.01743714594742407
0.004007320131420626
0.01719450156649152
0.003926902575061647
0.007061032780736075
0.003732839395655774
0.01655933123996775
0.003615603444209275
0.006712811922624545
0.003465061582583973
0.0159471841550836
0.003315043736049829
0.01572366237255299
0.003237022248015087
0.006190738382887542
0.003056727004714807
0.01514338415237079
0.00294401972085595
0.00586693233759266
0.002804354090569117
0.01458275384162623
0.002663790253712398
0.01437571066450688
0.002583201642638838
0.005381075696294091
0.002419836434605062
0.01384241150880278
0.002306452465584558
0.005078572414153708
0.002181189543626713
0.01332604203875871
0.002048969802922469
0.01313333011942235
0.001961842363609897
0.004624384547756544
0.00181786340211685
0.01264061418878715
0.001699629077871023
0.004340621252637289
0.001591524325692435
0.01216261147564571
0.001466722036467902
0.01198246546444856
0.001369861885167634
0.003914343401148705
0.001247175725823606
0.01152510043668895
0.001126440948046058
0.01135177330288142
0.001048413513690741
0.003503271510956807
0.000913291023916081
0.01091349197421196
0.0008065145475689289
0.00324519803507467
0.0007042019717709985
0.01048715078141102
0.0005896918623661401
0.01032415860594643
0.0004980506434331261
0.00285725565606057
0.0003864117107550274
0.009914657659393672
0.0002753399684749316
0.009757320626483823
0.0001968935936306065
0.002482015629596344
7.755430987578527e-05
0.009363489813108014
-2.762377391299364e-05
0.002245453418993418
-0.0001167306304934515
0.008979512227105566
-0.0002225057553012638
0.008830810928782296
-0.0003173324952638334
0.00188967447937697
-0.0004117662021954488
0.008460795707460944
-0.0005145973866695561
0.008316853428514862
-0.0006005752334830028
0.001544656104693655
-0.000699086927645455
0.00795990053668702
-0.0007991325493181822
0.007820434044476993
-0.0008776308194859972
0.001209781602676888
-0.000979086028407225
0.007475723803901144
-0.001076492086149738
0.007340473764937766
-0.001148760687227968
0.0008844849390101314
-0.001252127408286723
0.007007257845146761
-0.001347028773952284
0.006875986258910227
-0.001414210266429586
0.0005682454055315547
-0.00151854849718009
0.006553579870427789
-0.001609008239270987
0.0003674428316118999
-0.001687430085346629
0.006238028010308511
-0.001778429957728353
0.006112909348821347
-0.001865496617701023
6.524945416275935e-05
-0.001943503194848165
0.005807148848418875
-0.002032311571558761
0.005685462137147157
-0.002116890143892394
-0.0002290873382996342
-0.00219374456019561
0.005388946751806484
-0.002280463963434745
0.005270515099772374
-0.002363385472791246
-0.0005159577551731367
-0.002438413908152914
0.004982741126366041
-0.002523139861381404
0.004867400660359567
-0.002605168206188987
-0.0007957240563433582
-0.002677753991529051
0.004587902754203302
-0.002760575640004592
0.004475501393242459
-0.002842413695862911
-0.001068723130029828
-0.002911992036719158
0.004203848876659255
-0.0029929927009801
0.004094245245583245
-0.003073403904584264
0.003985544433340787
-0.003135870797444429
-0.00142676600214358
-0.003220757019219908
0.003723736145824053
-0.003299450121655362
0.003617659564896264
-0.003363159045637082
-0.001685158817835229
-0.00344389615223685
0.003362808912316273
-0.003520942719697231
0.003259236591885761
-0.003586429472326957
-0.001937751727397172
-0.003662594220094038
0.00301100684321004
-0.003738061454786452
0.002909826685517189
-0.003805820709149046
-0.002184795149586034
-0.003877024562709962
0.002667904026959905
-0.003950975649485634
0.002569011143655292
-0.004021464388177562
-0.002426523826988318
-0.004087350565269945
0.002333102699189196
-0.004159844984616613
0.002236398815186447
-0.004231866435836895
0.002140403790145642
-0.004290269126970031
-0.002744221246855347
-0.004364936843025878
0.001912091472383956
-0.004435575658452331
0.001818163782599053
-0.004497644427063158
-0.002974382731161899
-0.004566270955220775
0.001595254101044108
-0.004635579027607986
0.001503308906891335
-0.004701666023093548
-0.003199914124835675
-0.004763982552444736
0.001285566939984092
-0.004832008916073986
0.001195524421949173
-0.004899618451200752
0.001106099177142661
-0.004957019749331965
-0.003496643489907345
-0.005025088506107556
0.0008949067526984045
-0.005091477618492851
0.0008072849112223252
-0.005153620387025867
-0.003712053601989569
-0.005214834088563811
0.0006007662710686423
-0.005280045911132895
0.0005148782984708833
-0.005344874476055021
0.0004295534856821742
-0.005400318055114706
-0.00399565627709321
-0.005465521214480913
0.0002289712913723513
-0.005529226542414944
0.0001452936145465711
-0.005590016134614156
-0.004201803296842506
-0.005647917873145732
-5.104339566355809e-05
-0.005710538103772825
-0.0001331348589149184
-0.005772804759770322
-0.0002147105713451447
-0.005828615952345531
-0.004473375967766653
-0.005888985432475444
-0.000405644699952773
-0.005950214903281716
-0.0004857103935555079
-0.006011106242141968
-0.0005652848299725205
-0.006062819057419816
-0.004738515561534526
-0.006124880311627764
-0.0007510903332450802
-0.006184779280711677
-0.0008292256723530511
-0.00624259438184889
-0.004931596283710933
-0.006296812850547083
-0.001011352725331399
-0.006355751186705665
-0.001088098982626393
-0.006414376089036333
-0.001164392901813985
-0.006469475589721413
-0.005186173227502353
-0.006524170201877379
-0.001341824994623306
-0.006581874478444126
-0.00141679262497281
-0.006639278240994279
-0.001491328145994633
-0.006692372047455014
-0.005435079131564879
-0.006746920702157135
-0.001664289599861535
-0.006803441403666233
-0.001737557525397171
-0.006859673730099228
-0.001810412263422156
-0.006911419539412517
-0.005678558135417067
-0.006965247278448314
-0.001979112197212501
-0.007020631860560268
-0.002050754278724198
-0.007075739487222878
-0.002122000896417758
-0.007126747132897515
-0.005916839092214021
-0.007179322177753709
-0.002286634540232368
-0.007233615304305926
-0.002356719995976947
-0.007287642231350061
-0.002426426611360222
-0.007338477605476582
-0.006150136809295458
-0.007389307782273237
-0.002587176483692402
-0.007442551539676046
-0.002655770266057733
-0.007495539240174161
-0.002724000819633782
-0.007546727839461143
-0.006378653166229299
-0.007595357348415176
-0.002881037784391041
-0.007647591439819246
-0.002948200919737423
-0.007699579049264604
-0.003015015505481264
-0.007751322486800549
-0.003081485074248436
-0.007797027205987211
-0.006659185699682546
-0.007848923639856016
-0.003234104986463926
-0.007899948128078045
-0.00329956015129404
-0.00795073736767879
-0.003364683913355968
-0.007997846141022252
-0.006877621792217972
-0.008046634641145023
-0.003513937523370717
-0.008096730969354059
-0.003578086537485786
-0.008146600492793615
-0.003641916983358889
-0.008195528222354947
-0.007091854919538794
-0.008240852372477438
-0.003787943377584493
-0.008290053635729884
-0.003850836480620318
-0.008339036092290732
-0.003913423127972299
-0.008387801675744821
-0.003975706241240384
-0.008433642274871644
-0.007355155248853988
-0.008480074566514104
-0.00411788178724018
-0.008528200900217081
-0.004179271399186391
-0.008576117844660093
-0.004240368760678848
-0.008623827210426933
-0.004301176595455161
-0.008667375127664856
-0.007612372905858353
-0.008714202527784619
-0.004439691156529868
-0.008761299808552434
-0.004499646363045243
-0.008808196523361213
-0.004559322570713203
-0.008854803614085499
-0.007813077976316841
-0.008897109078825752
-0.004695036027943217
-0.00894341421484416
-0.00475389034400972
