3.909139683792615
4.311502595038141
3.224467875343975
1.221391031347002
1.457463860311209
1.764465637837586
1.444377767273835
1.144139055291068
0.9785470559563618
0.9872339468344857
0.9144747082810265
0.7617334898234994
0.859735413928219
0.8385072997962177
0.6159906703711659
0.6237404888179738
0.6226386026662352
0.5881643616092388
0.7265206223296568
0.4350056989604736
0.913259780076968
0.4714257445098582
0.5212959185237613
0.4382331525246401
0.4625689212231823
0.5939921563704846
0.3819443374404672
0.6678502327889102
0.4138396625094936
0.4514132461382492
0.3854902338137927
0.3978722918955095
0.3767694841809279
0.4240257207858735
0.3446855808364759
0.3238962162949068
0.5672998593972021
0.323177339467797
0.4006145300578208
0.3170982603797958
0.3313623223200373
0.3770527147496254
0.3379205171426227
0.3052072213109256
0.2895125995118748
0.2816824285730488
0.4473883292840812
0.3244930434322015
0.2859006455575555
0.3079474361185845
0.2698145678494306
0.2614510256320692
0.3067635984737722
0.2909700799766592
0.3321719058865182
0.2798458401049069
0.2762128086330786
0.2313305979973104
0.3012569752214389
0.275050284883368
0.2331434507568177
0.2589871378012798
0.2465028678255399
0.4012762997788397
0.2129644112929885
0.2973459479015124
0.2426076144453222
0.2361776897306036
0.2481701681092194
0.2235757576904445
0.2536989977311459
0.2333452653876604
0.2123467445034684
0.2140369664811403
0.3209311852746866
0.2245645467509867
0.2054019424538114
0.231758936419302
0.2073846922636586
0.1979281150874266
0.2186325969975769
0.2238325146061606
0.2230824845322483
0.2136076635694495
0.2059758355075085
0.1903564096886927
0.2002719361449155
0.243586368786004
0.1744502563937216
0.1905083570018331
0.2193319038262516
0.2223108181473659
0.1668148275589565
0.1792617289569489
0.2481862488564455
0.1782202155875243
0.1916331925118033
0.200538034847928
0.1801475219415998
0.1712868871023918
0.1830476999867705
0.1751553556712657
0.1951434352695773
0.1846680241351333
0.1617652791596447
0.1716520989874466
0.218962796527175
0.1600579456108988
0.1680956389559445
0.2017059398317653
0.1732911561238097
0.1561132983315761
0.1621845503372692
0.1788791054575845
0.1675286335194981
0.1616621865335661
0.181585056473311
0.1633926677814579
0.1538420718764051
0.1556046607416419
0.1599842048926861
0.1429372915545051
0.19853692707128
0.155081108186383
0.1448816161710034
0.185518052114984
0.1434590656381354
0.144314417035766
0.1387367354348903
0.1570377706097401
0.1446886783145389
0.1436587650755532
0.1448346663961824
0.1478437677404658
0.1644398533507201
0.1332634673733928
0.134216898138044
0.1823945071111486
0.1316694095062863
0.1444498981649203
0.130637847422121
0.1350015877657995
0.1417270330129277
0.1380696818255167
0.1378424883539404
0.1300617850452004
0.1361809973918262
0.1317987502678988
0.1302488810847096
0.1349406423254358
0.1181715199903108
0.1586587466954188
0.1215703686900809
0.1311033816307896
0.1263315201229076
0.1232761266328368
0.1291955725870153
0.1236496083592724
0.1226574183807967
0.1190334145337446
0.1262690340713453
0.1272412071940154
0.1176385404704461
0.1173256674560197
0.1132262443420151
0.1155070541869896
0.1555950912631541
0.108014372823884
0.1432412059293897
0.1078620938671697
0.1154587720892923
0.1217559811024111
0.1116575745342574
0.1152846220744494
0.111668596246012
0.116110577624003
0.09780525862228129
0.1442736482036664
0.1078899075589832
0.1003893754329639
0.1337085737276129
0.1053059317285496
0.1079248698137028
0.103900738919664
0.1045123701349542
0.1213318090118867
0.1029794097232801
0.09978198071576827
0.09984129532849573
0.1174061817919778
0.09679832593960835
0.09644691929002724
0.113049759171983
0.09827010424180549
0.09661124085009232
0.09471433552818409
0.1390907853148478
0.09484743078459501
0.0902842770525194
0.1184685259616998
0.09524425799106395
0.09461651655027614
0.1009317967848968
0.09541624367944057
0.09756828144267504
0.09362955131834982
0.09746139915278018
0.08753007911655253
0.09294242502723971
0.09302500696873661
0.08654022622026969
0.09095866555894783
0.1069172865553922
0.09175873536836021
0.09141936797038408
0.1019808921100203
0.0914179612774586
0.08287724928571394
0.08819624489087907
0.08306906286519466
0.08041150430114463
0.1173528311345005
0.08005061993481233
0.07925260323113648
0.1112411927404495
0.08181211173924119
0.08778132210050416
0.08351455637097249
0.07932986383052976
0.08416426271372113
0.08514521323649604
0.09524771038751978
0.08335966542684359
0.08235669199277407
0.07345317041716592
0.07840501170335457
0.0873094793503888
0.08032868962635376
0.07506339778140769
0.1077965300287269
0.07937612827554608
0.07944213919828891
0.07006308404738015
0.09905723748863271
0.06976695837471381
0.07969911348860848
0.08014286802060866
0.07440565608100957
0.07591196018546142
0.07336029620892059
0.07841753428064258
0.07429820698479861
0.07199479171802325
0.07767497775823351
0.06669326242355744
0.08974525638149178
0.07334174545876815
0.06773045906488995
0.07082988287758818
0.08596753016945957
0.07331237151150738
0.06240700219826167
0.07031991472111332
0.07725852608704553
0.06788331867906172
0.06790107211149743
0.08170932078538251
0.06797108992227829
0.07033552339071769
0.06514109943102464
0.06537968343586043
0.06830150202977747
0.06062208346934095
0.07325606062907752
0.06500905272676993
0.07536298677426778
0.06793433038572227
0.06141719545330715
0.06632423288989453
0.06234997159832223
0.06750113990934725
0.06445991718647637
0.06231793520032047
0.06145855917987375
0.06694707911145881
0.06769824204904751
0.06348865334361697
0.05539366593942452
0.06529279294887735
0.06031136929343028
0.06140936355417526
0.06509813573697021
0.06238387847903515
0.05772351050518898
0.06384604626794843
0.05631892570621599
0.06180600519694379
0.05343435397910556
0.06205846711445462
0.05420478403972373
0.07034439740529108
0.06023768009558528
0.05353311152972773
0.057111458809737
0.05790799923678325
0.06126109760132636
0.06400853895561198
0.05346209599454399
0.05315053027271555
0.05200448196972918
0.07247100914724935
0.05719207333270937
0.04956715465644579
0.05393377579128544
0.05443145726023046
0.0633576178374311
0.05566451386581184
0.05216686670396453
0.07017806956770545
0.05551409351497583
0.05203948049346097
0.04806333251435113
0.06370251662805382
0.05316787945449497
0.05312834898392538
0.05629697873222828
0.04801678892509309
0.05425236496383601
0.05074810806725294
0.05338187232368075
0.05380959023558773
0.04989911928707902
0.05663920206025419
0.04593066319065708
0.0586499798923914
0.04935940206489708
0.04430269952321808
0.05423304130369666
0.04885387215349812
0.04990997273650111
0.04720925662113684
0.06469921434684434
0.04935775496932715
0.04368820878821711
0.05281282396638165
0.04664250913157786
0.04491479179761693
0.04739829921059635
0.04386654922647404
0.04553450065941522
0.04810078733167455
0.05237314021778028
0.04490962186012637
0.04626441569224471
0.04687264972076899
0.04888748038485979
0.04275016982237623
0.04594224447257145
0.04819525275085468
0.04380430000126978
0.04954784522446865
0.04208873273269997
0.04065176418306016
0.04514380041547472
0.04394128910945883
0.05235031264288592
0.04571259895014301
0.04372316854993241
0.0386874499348917
0.04128586019019043
0.05350005952735315
0.04149510826454805
0.04251182169211187
0.04173803446355251
0.0429309452782527
0.0429063770766005
0.03708759304909348
0.05687363760863562
0.04114095748946034
0.04231531522102361
0.03853059522133973
0.0396422545645192
0.03887253778988842
0.03839069163933417
0.04511735113340909
0.0375348147927046
0.05383130406515413
0.04444787799589367
0.03841457176519891
0.04187507691299674
0.03913443513820836
0.04326149231032717
0.04211936217424861
0.0366222383253143
0.04094116715355822
0.03781724173561307
0.04304508509302996
0.03641396929910101
0.0350204489145689
0.04031062943773245
0.03878181906978728
0.04267435815844078
0.03840004994327395
0.04100607384328003
0.03219056126336084
0.04148697837159854
0.03533279627607766
0.0331752127639442
0.03749788409426613
0.04290372571133005
0.03532234635830922
0.03508139695508383
0.03400107629880278
0.03772882186426374
0.03401017621807978
0.03963268361678018
0.03857607529811302
0.03808386062649927
0.0427435491490662
0.03189816743114515
0.03244334763740153
0.03548078075603711
0.03678029845882724
0.03600948331156006
0.03362398231661068
0.03731357394512447
0.03163654952074557
0.04292345526454233
0.03270204591279691
0.03756774777202398
0.02979857205345704
0.03568880890081871
0.03531808322209407
0.02904404304680241
0.03348802234885007
0.03230846998921333
0.04571444207865549
0.03241165939383217
0.03004206177310875
0.03658099449151275
0.03341583186701791
0.03053780385037896
0.03132936364485661
0.03018151472357622
0.03893290449043629
0.02879083328242138
0.03334792152638677
0.03181087050958786
0.03412114560832213
0.02940175876665285
0.02964704303671994
0.03290217099082704
0.02845272637099217
0.03674775718226342
0.03057853582678538
0.02627948870798047
0.03273633344857685
0.03251611088329498
0.02850746482679289
0.0290533129563737
0.0334049572842301
0.02569363822817361
0.02715524589589968
0.0332530278904335
0.028519186968059
0.02971578776933037
0.02769527968937191
0.02631271555066705
0.03363491152011555
0.02779380526981057
0.0284912434451734
0.02604127970504533
0.0275166766704622
0.02959091069388164
0.02947258722098955
0.02668713815187207
0.02195487614934422
0.02779938366299706
0.02863622083478301
0.0300340659066769
0.02387518090467178
0.02721846118029059
0.03610398157942818
0.02548044398859695
0.02540805029946647
0.02484561024928555
0.03111368076679977
0.02792478088772321
0.0227782649353192
0.02298073321774141
0.02514513766980708
0.03323507983021323
0.02354446143124167
0.02240964683919788
0.02626552756451672
0.02897442615147106
0.03046411995380471
0.02282417930266378
0.02273295360432082
0.02555327106592453
0.02692779945414037
0.03037978625045556
0.0202579926073656
0.03043122323765135
0.02102017773510534
0.03194211454840112
0.02203029882543039
0.02208572920573459
0.02278445038959775
0.02525736067135576
0.02387501709197726
0.02370819664298995
0.02359717071704459
0.02849574841078018
0.02454379150863484
0.02332735926268081
0.02439580101196714
0.02345900258149269
0.01833636010595785
0.02556455371644417
0.02207415661613443
0.02463783276725273
0.02332790381098526
0.02075062049492993
0.02539924770438207
0.02027836357977209
0.02452932961056176
0.02283996281435741
0.02160898764402708
0.02052976118746397
0.01872861210052168
0.02059037988764789
0.02450328967984161
0.02464897652592635
0.0201440029453126
0.01851012246354333
0.02750309133152129
0.02044590614989916
0.02061659001104288
0.02186524874216178
0.0176981918694068
0.02471539853297489
0.01886604261182145
0.01971435939343547
0.01816329299175035
0.02003222235989899
0.01878758347523779
0.01822523498091333
0.02419047808709385
0.02090764870223505
0.02021679386326136
0.01997803322251079
0.01870196144749858
0.02023342646965376
0.02104805349159333
0.0180731377095209
0.01627418208034959
0.02388267166197644
0.01758802415870275
0.02155962155566371
0.01745543434462249
0.01583881978554014
0.01790073355169275
0.02232433037019033
0.01759839524297946
0.02246959814349858
0.01513545088251544
0.01752202227032695
0.01589333078053512
0.0220737207083268
0.01419193944807606
0.01627136695758735
0.01722701835799278
0.01750780511573136
0.01868541614513153
0.0136029915402478
0.01465678822729122
0.01746994107181288
0.02131676347541611
0.02000079034103108
0.01445104351623883
0.02503335440718479
0.01522474978987098
0.0175182166504102
0.01230043909028966
0.0152259856022543
0.02096313532505389
0.02109084308673759
0.01475166857974775
0.0146702650032855
0.01505251709526512
0.01521944527368801
0.01246707457094143
0.02126714164354659
0.01471188887717112
0.01548274221663815
0.01677095243462534
0.01375839282962765
0.01891900771232313
0.0140472341769986
0.01789075924350381
0.01481016126210011
0.01217680669827281
0.01172087043242809
0.019021296181567
0.01387358454351073
0.01177287384461079
0.01727336933651902
0.01276403181430763
0.01364410007558892
0.0195333078444544
0.01400533801037951
0.01493840859241002
0.01400224927312421
0.01079554759532453
0.01099813981255404
0.01935265443217404
0.0129367118275836
0.01599195689504107
0.01313649168869335
0.01190751099399834
0.01527664523089101
0.01339220071487235
0.0112721652520984
0.01194508186210252
0.01142900201232955
0.01269705416042899
0.01472444206685974
0.01119703836554775
0.01436477081376153
0.01200409390467505
0.01222741800754212
0.01010779521984295
0.01966172893403573
0.01072504341151981
0.00848558188100057
0.01005693756898696
0.01024241849011709
0.01226466799957548
0.01675487098896533
0.008287109403934512
0.01388455887519457
0.01239247381068731
0.01133182526331189
0.008869560615583749
0.01022108381450049
0.01236814358230287
0.01348635086098859
0.008410598653785906
0.006779997280570438
0.01086586853885896
0.01525388112428749
0.01059113287266822
0.007728120412947348
0.008254406629026212
0.01028052942107349
0.009255015479240125
0.01006164875186877
0.01143763858814406
0.008742062803615225
0.01615730498059986
0.007302498659992107
0.008752582806039522
0.0142461959961504
0.008536132291860676
0.01071736593413819
0.008229048598159316
0.00815252367482322
0.01113823006911963
0.01207742081866292
0.006361761362228435
0.01368826335585749
0.006231034387890411
0.008452286201096504
0.01036666516999718
0.007708057611008012
0.01194787480587167
0.007198225323632013
0.008342137962779939
0.007018500244321269
0.009743040594764052
0.01092894909960829
0.005134792779372788
0.005957975151118955
0.009392671779800299
0.007999076400216021
0.01085215213403945
0.003581005932696835
0.009878965767160297
0.007547474921218766
0.007768548421061894
0.008045963500469044
0.008809513789180157
0.007190737114356249
0.007592647339433212
0.01298281673971591
0.005893728699012168
0.006044076094641193
0.007145261483231913
0.005188858438065491
0.006903418100713488
0.007826433319275239
0.006565018634234976
0.004815330178307375
0.005638287095982353
0.009659398473997216
0.0074143801808082
0.004373979099796976
0.00579384644790859
0.01372679745352778
0.005518309194377569
0.006915806651089706
0.006372057319185886
0.003286397887436676
0.007597204669910651
0.007001484881566711
0.006474473567715799
0.01284392713201932
0.003997432569017301
0.00188558930053917
0.00518924288169309
0.005153128532293438
0.005652360254679412
0.003593988771968482
0.008658295205419941
0.004113934978628553
0.005641440638638473
0.004252597430974836
0.01129976217682671
0.005105072596905513
0.002684218831553897
0.005765756948262757
0.007514468469652869
0.003374436963687666
0.001435533594737137
0.008071600544653723
0.003039368026350742
0.003661488182885364
0.005490674275475227
0.009062590120559433
0.00330687264445495
0.003230831255011557
0.004065923898575408
0.005480023802301615
0.004273327058817555
0.008056698892291658
0.0004879033476534733
0.003860250676894106
0.00181885293568107
0.004029000039825315
0.01080292726124465
0.001188480389059166
0.002122914944016951
0.003853638806528004
0.004692198209745424
0.002209635730983761
0.006242058765877134
0.0002201171115518985
0.002987663565936272
0.006524835377857752
0.006491283253296398
0.0006211145964789555
0.006138788207570078
0.002126018181864753
0.003355013596564316
0.002031996833162575
0.001566385160094885
0.0007486380044330332
0.001938022008312501
0.003617500226457127
0.001816858007807287
0.0006781207750652385
0.007018977096690415
0.0004042051576655936
0.001639470026968848
0.001117824274484036
0.005443075631257122
0.001323642151352722
0.003299811094281679
0.00125115736378989
0.001871620623108639
0.0002045009440181378
-0.0007392042485303563
0.00254546798605948
0.006093786083336328
0.0006523124896573584
0.00435163240897829
-0.001490945929972787
-0.0004285427694397104
0.0006920446310023642
0.002969545138164609
0.0003284671187302468
0.00256007558747573
0.006371222885754646
-0.001402887532231833
-0.0002677266854174132
4.942861583656644e-05
8.665036571198215e-05
0.0008196309076746733
0.002563433155384764
0.002701559009016474
0.0002261431212089438
0.001117997332149345
-0.001185668083820257
-0.001207812383506424
0.004941022164756337
-0.000451942941902761
0.00187632835352991
-0.003127680027262825
0.003405808364162599
-0.001916824585041388
0.003042167297475196
-0.001889051349099446
0.005176081633929908
-0.002094313021350658
-0.0009760502725348896
-0.001968589933333709
-0.0009421049829625439
0.0002808799253171124
-0.0009532300710120012
-0.003443700704770514
0.002552107753887034
-0.002773491448059051
0.002508780479432371
-0.0007210159225004009
0.0008796439786391552
0.004395193194921099
-0.001967100279001155
-0.001622372806874717
-0.003083461277714195
3.495775188810946e-05
-0.002835087945703085
-0.003316386365250334
-0.001822068534865551
-0.0007328928389822575
-0.001373685630633004
0.002166996711399749
-0.003863897014263484
0.0007741032384895874
0.0001260680510706269
-0.0004236070862886354
-0.004679092110062344
-0.004820501777991426
-0.003509898210491968
-0.002034539657750356
-0.001222831898575194
-0.0001998490472887582
-0.002239330965305264
-0.001208795195775325
0.001818264215158072
-0.003174831563207414
-0.002000016686475314
-0.001753223433190065
-0.003994132122795202
-0.002549596867888804
-0.002698123589431667
-0.003118088411002695
0.001675961918154112
-0.003932661489935985
-0.002047830009700213
-0.004992599808287146
-0.002722319812232588
0.001368703622553147
-0.004519134842726258
-0.002082840028748478
-0.003429871370439264
-0.0041298712329918
-0.005339690456800605
0.002226003631315532
0.0009925025396793075
-0.004066314471075749
-0.004842005412079464
-0.004250276748847037
-0.003047455116612197
-0.002114533964924448
-0.006769571126776786
-0.002580831217352753
-0.003441197459499223
0.001323877419620034
-0.006620769509508184
-0.004616368527083248
-0.004362626682001158
3.336826217559263e-06
-0.003146982470644932
-0.005412196942431002
-0.002689588223840467
-0.00531686024503264
-0.004320506241129785
-0.00591096771122479
-0.00598618309690635
-0.0004276232045414829
-0.001690593798362006
-0.00418567984921836
-0.001837740481906547
-0.006206921612053495
-0.002510566994983865
-0.003381704393554452
-0.006817384498276402
-0.00511956694560145
-0.004370038497305329
-0.004113452035514165
-0.006814851021213597
-0.0002847739707458885
-0.004562069509521205
-0.004825491700791495
-0.003529253088136342
-0.00649762373956575
-0.006971081767220166
-0.007676054544288657
-0.006537518592090397
-0.004914138913106436
-0.004592564433965274
0.0001586114197871247
-0.006045045862910881
-0.006670060255267174
-0.005434476901639229
-0.006349244659322961
-0.004317056905147165
-0.007268804237787307
-0.007963046375687677
-0.00418370298889803
-0.007828545815846688
-0.008526741105945534
-0.0055848960968925
-0.005504311048130095
-0.002511807190236137
-0.004698946278615113
-0.006128407081002818
-0.007058142328207229
-0.007841553890864494
-0.006548046706297939
-0.00562418542439902
-0.005955467308958573
-0.002658691382364076
-0.007981216397961566
-0.006997368622595923
-0.007873712336029515
-0.006120933543968254
-0.006952076764759729
-0.006657505542077446
-0.008895578282974936
-0.007080841944620442
-0.001807600031231926
-0.009699562494008163
-0.009029020220557626
-0.0053867838338304
-0.003343681970252144
-0.005431945497470503
-0.006484805886628919
-0.008532220137716706
-0.009749024277742047
-0.009070477226683638
-0.005062273330876721
-0.00706902560236089
-0.003106362978423149
-0.01008055768392824
-0.006790347269062469
-0.009670915262589119
-0.006564845688673104
-0.008454776832519828
-0.01139761049647126
-0.007269147309876267
-0.009293085339512119
-0.008270997777529043
-0.005081051760896571
-0.01052434268182512
-0.002309468885466792
-0.003715239954728444
-0.007240844858760642
-0.01163961416308745
-0.006716013789612063
-0.005743411745618987
-0.009486370141063905
-0.009616548780761125
-0.00812269556394507
-0.00863830275131483
-0.008209739840818742
-0.009544942891454244
-0.004179859484150006
-0.007728829528294456
-0.008341655333705456
-0.007950356109948764
-0.01102350196165824
-0.009524561942750864
-0.01039363972723906
-0.009503776286302612
-0.00769601179214785
-0.007840632138792936
-0.004053134891854437
-0.009024849315307781
-0.01076211046281039
-0.01055668563406553
-0.01038269766011157
-0.009942558230670251
-0.007489031139121805
-0.009907992857292935
-0.008626794687619288
-0.008689815542523904
-0.006903459977119164
-0.01139075441996407
