1 0 0  -0.0534375
0 1 0  0.275738
0 0 1  0.359976
2 0 0  -1.17547
1 1 0  0.575635
1 0 1  -0.0146377
0 2 0  0.614799
0 1 1  0.0990392
0 0 2  0.21029
3 0 0  -0.0641214
2 1 0  -0.273959
2 0 1  -0.0233091
1 2 0  -0.0391664
1 1 1  -0.363081
1 0 2  -0.08766
0 3 0  -0.311116
0 2 1  0.0952498
0 1 2  -0.0703496
0 0 3  -0.0499888
4 0 0  0.696633
3 1 0  0.618968
3 0 1  0.109154
2 2 0  0.0298896
2 1 1  0.0917362
2 0 2  0.215166
1 3 0  -0.300238
1 2 1  0.0689671
1 1 2  0.0852418
1 0 3  0.0195472
0 4 0  0.703693
0 3 1  -0.285122
0 2 2  0.11608
0 1 3  -0.00259579
0 0 4  0.0155423

p :
1.34707 -0.279161 -0.0569363
-0.279161 1.43631 -0.0284417
-0.0569363 -0.0284417 0.542119
