0.326659097018647
2.301408069204129
1.285437342470689
0.6401923638551317
0.7501251337382232
0.5182832880821452
0.6581104429534642
0.4470798786461777
0.5962771820070385
0.3954237600661162
0.5498813458443434
0.3689005271371216
0.5017359386767855
0.3478062952071032
0.4622405654372248
0.3310524640037344
0.4333894047711025
0.3537737053166594
0.4188135248654573
0.3409402610182831
0.4148686129312598
0.3354893252260252
0.4054092924350459
0.3404550335689023
0.3965923617024333
0.3365082844453417
0.3943373973142945
0.3377159028122592
0.3866225029714792
0.3348759766220189
0.3854743757005941
0.3364651956726259
0.3791218982249546
0.3336162006712865
0.3786803074209323
0.3355225849678339
0.3732339836043509
0.3326667834118754
0.373293037019559
0.3347966006415578
0.3684918707252595
0.3319362156750029
0.36931337420683
0.3337868245434762
0.3646316346893461
0.3313736394320934
0.3661586424310398
0.3326512496087398
0.3615142288138545
0.3312880951527913
0.3634681397032754
0.330632686588349
0.3593995346254159
0.3321178394970427
0.3594495522388136
0.3300183246269632
0.3581039111597629
0.3316559618478659
0.3561944788813338
0.3303947562633827
0.3561092775560502
0.3313592353767979
0.3540907220187275
0.3302928900225851
0.3543046980801061
0.3310932094195393
0.352407809364146
0.3300417010153879
0.3527052021962198
0.3308657302368454
0.350910166731587
0.3298243536795974
0.3512792138492198
0.3306683770254853
0.3495816777602359
0.3296218134692883
0.3500035210670779
0.3304916382889976
0.3483966227095137
0.3294320681313601
0.3488432138472231
0.3303448409735382
0.3473170377878915
0.3292714071751503
0.3478842434240729
0.3301172442582135
0.3463399572762665
0.3291284897109739
0.347018651272946
0.329893602389363
0.3454526881224828
0.329024964798201
0.3463721773515833
0.329453245913178
0.3446911232470981
0.3291142805363084
0.3456838968152324
0.3286982757266617
0.3442314691458273
0.3294714536062298
0.3443771356293526
0.328477288959965
0.3439484699193717
0.3293976321994145
0.3432314464648957
0.3286685905653038
0.3433541804830404
0.3293120045269365
0.3424851272688531
0.3286962126327151
0.3427593528174415
0.3292262116146957
0.3418847440157354
0.3286400111979163
0.3422035510326638
0.3291471050608502
0.3413565794538018
0.3285565746413734
0.3416779077491781
0.3290811051511203
0.3408551985738348
0.3284869100719984
0.3411944650432289
0.3290117123338691
0.3403905975911608
0.3284172094682581
0.3407479100631158
0.3289403935982448
0.3399541244329309
0.3283527861948601
0.3403132807033329
0.3288890824091958
0.3395467940906084
0.3282898287835294
0.3399527771943128
0.328791152688114
0.3391608131695499
0.3282354795588449
0.3396187971004531
0.3286882148491364
0.3387980240669092
0.3281972380528573
0.3393795450493091
0.3284734255172561
0.3384798253664976
0.328243137280248
0.339143754296093
0.3280626930681667
0.3382977494418983
0.3284584425256784
0.3385490519634654
0.3278571245134743
0.3382093874373828
0.3285234490322973
0.3379184201325283
0.3279706672683672
0.3380557190790823
0.3284014589512195
0.3375167970933526
0.3280359752745028
0.3378338703657286
0.3282885127385685
0.3372268835056671
0.328056223266608
0.3376391557310917
0.3280977764632197
0.3370062056020242
0.3281215019313449
0.3373632158462278
0.3278827899435981
0.33686471053795
0.3282126055380754
0.3369435201118138
0.3278205893337148
0.3367393691188439
0.3282150648688658
0.3365498509511725
0.3278671654003133
0.3365507416885856
0.3281868548977243
0.3362536984408446
0.3278954426159581
0.3363392932754829
0.32815909050462
0.3360123407932417
0.3278942875163167
0.3361380980915668
0.3281256904884518
0.3358003170475335
0.3278761704310367
0.3359364696475463
0.3281019692828723
0.3356049611565792
0.32785111238592
0.3357570328025619
0.3280651415313958
0.3354216238478127
0.3278230900687376
0.3355737284899917
0.3280409978736911
0.3352432381540014
0.3277985021234701
0.335396940813925
0.328018601211535
0.3350741952830263
0.3277724771762395
0.3352279730201387
0.3279961303004317
0.3349100489797929
0.3277490722612142
0.3350711816734439
0.3279687049871656
0.3347526613502387
0.3277259998926934
0.3349124023627913
0.3279502168017073
0.3346002037508004
0.3277046436999
0.3347665036236504
0.3279253161237394
0.3344542436821285
0.3276831152400926
0.3346197513688652
0.3279074499892253
0.3343138695460121
0.3276619827516422
0.3344850471223961
0.3278832926338109
0.3341776001835481
0.3276424400667046
0.3343485621445667
0.3278664883194768
0.3340456487455306
0.3276239093356903
0.3342181387642378
0.3278488732960644
0.3339188089093715
0.3276053640523653
0.334095813064687
0.3278281050963501
0.3337961629711423
0.3275874809065147
0.3339726665905944
0.3278129060083226
0.3336780799672562
0.3275696417759681
0.3338591833087637
0.327792487330962
0.333562970300852
0.3275532412270747
0.3337442486314497
0.3277778353415393
0.3334512099549652
0.3275376334972017
0.3336318570535435
0.3277647392078072
0.3333442258806432
0.3275212511935178
0.3335334175455458
0.3277414419826374
0.3332395687198739
0.3275064785221143
0.3334341490610485
0.3277225451498992
0.3331379661832421
0.327492606785635
0.3333455535465943
0.3276956725077375
0.3330408621086218
0.3274796027582615
0.3332756507946141
0.3276488543200834
0.3329476088267115
0.327477401730016
0.333234571426175
0.3275497418836606
0.3328726437819777
0.327514153117647
0.3331652086559505
0.3273951035478362
0.3328488435540702
0.3275976246638388
0.3329647772434143
0.3273278307497848
0.3328381135816108
0.3276362059696665
0.3327489017992329
0.3273703457170786
0.3328172816343297
0.327593024590292
0.3326055473202542
0.3274067438119712
0.3327605608539628
0.3275537162558981
0.3325064954563186
0.3274236024928946
0.3327152830116384
0.3274819717251607
0.3324342806912327
0.3274509101126131
0.3326533278758287
0.3273796028376952
0.3323958849979388
0.3275018225371945
0.3325185903013854
0.3273158425614348
0.3323741609712091
0.3275359027200025
0.3323519725341361
0.3273269953570669
0.3323416387004952
0.3275264512102077
0.332219936334598
0.3273542208926442
0.3322788706784712
0.3275175702193451
0.3321221243004905
0.3273670102534503
0.332212678615855
0.327505559775417
0.3320418249712109
0.3273682245184961
0.3321490454424579
0.3274910711210993
0.331969981532259
0.3273640528664412
0.3320903198606637
0.3274724617103842
0.3319034627843461
0.3273580092978162
0.3320386629576814
0.3274459224302925
0.3318419100312163
0.3273536844825946
0.3319955173183362
0.3274040012931284
0.3317856900909607
0.327359894806531
0.3319514491091101
0.3273434606207253
0.3317429292989926
0.3273820449933432
0.3318794401359875
0.3272838867306658
0.3317155104264242
0.3274100575672731
0.3317702894898179
0.3272617560835042
0.331690467154951
0.3274196896480916
0.3316584032366968
0.3272722957625932
0.3316519892915761
0.3274150356373404
0.3315674228191636
0.3272866389418028
0.3315991516750496
0.3274108962897759
0.3314941399838198
0.3272937648315317
0.3315496913202952
0.3273997879052561
0.3314309687379819
0.3272947461153091
0.3314964706111599
0.3273925045623902
0.3313737011841342
0.3272917993644293
0.3314439352526494
0.3273855682262125
0.3313198641147138
0.3272868309546059
0.3313921985988764
0.3273790794537739
0.3312695069780524
0.3272796345470579
0.3313412767362731
0.3273730207217005
0.3312202923578562
0.3272725147391916
0.3312943423976757
0.3273641559039911
0.3311721443855454
0.3272655129713349
0.3312454464952769
0.3273584300010636
0.3311247044351172
0.327258935954166
0.3311985891888821
0.3273517930841617
0.3310785812535199
0.3272521483700937
0.331152987882467
0.3273449900730416
0.3310332072585863
0.327245686856559
0.3311077855240184
0.327338847893846
0.3309888046583211
0.3272392957228794
0.331064367762699
0.3273319439429218
0.330945298645357
0.327233019191957
0.3310202985640562
0.327326691971977
0.3309026740113047
0.3272268437802243
0.330979772364469
0.3273188505739087
0.3308608693506772
0.3272208063803111
0.3309376369073214
0.3273135634068098
0.330820015950223
0.3272147366265469
0.3308961601508364
0.3273085334862131
0.3307796669595026
0.3272090628639058
0.3308578106235843
0.3273012481087724
0.3307402702549752
0.3272033137997974
0.3308178831216608
0.3272964118243366
0.330701342576092
0.3271979354081915
0.330778663727894
0.3272917082290031
0.3306634492762416
0.3271923473077361
0.330742628504359
0.3272846213755239
0.3306261174271925
0.3271870062776694
0.3307051527131674
0.3272797699036801
0.3305896413906615
0.3271815837386525
0.3306677787142999
0.3272755925809865
0.33055344419676
0.3271766395940138
0.3306334854958342
0.3272690743016046
0.33051827671315
0.3271714068669612
0.3305980163023159
0.3272644637743997
0.3304836796915433
0.3271663189261678
0.330562548027758
0.3272605664151848
0.3304493864714305
0.327161627308098
0.3305305223092607
0.327253904359494
0.3304159550614034
0.3271567623525122
0.3304971467672387
0.3272492650246108
0.3303831916424813
0.327151890205293
0.3304639446463448
0.3272451142396774
0.3303506593741931
0.3271474269487998
0.330431035456421
0.3272413132938198
0.3303191022122223
0.3271426183008164
0.3304007829487035
0.327235466840078
0.3302877371448842
0.3271382371230623
0.3303692689807332
0.3272314946795903
0.3302569245439338
0.3271338955304053
0.3303381092998328
0.3272277630471349
0.3302268438200699
0.3271294055903836
0.3303090306012679
0.3272225197424555
0.3301970677471232
0.3271251831226612
0.3302788879954368
0.327218908714116
0.3301677421626844
0.327121060532273
0.3302497391635439
0.3272148536312024
0.3301390146345158
0.3271168810317435
0.330221397187388
0.3272105258291801
0.3301106429528467
0.3271128749824511
0.3301928912058355
0.3272068860516472
0.330082819725421
0.3271088366720209
0.3301661337781847
0.327202002574439
0.3300553887089165
0.3271049128413586
0.3301385582985246
0.327198437372854
0.3300285689152417
0.3271008672020055
0.3301111550434729
0.327195188462433
0.3300018991391848
0.3270971541467187
0.3300861022674502
0.3271900541907825
0.3299758329596675
0.3270933121451621
0.3300600126144575
0.3271864233079435
0.3299499095282259
0.3270897848389978
0.3300344636760426
0.3271827042550673
0.3299247048063438
0.3270859864907285
0.3300091190831493
0.3271792262187465
0.3298995485836276
0.3270825760755676
0.3299841906153546
0.3271757661161456
0.3298751662524428
0.3270788173595763
0.3299592606082273
0.3271727348908521
0.3298507064608651
0.3270755520757597
0.3299347648003556
0.3271696853222183
0.3298268967341234
0.327072045785485
0.3299120186744177
0.3271652854509493
0.3298033571884229
0.3270686738044776
0.3298886173178452
0.3271619362435376
0.3297802661943023
0.3270652444883058
0.32986532896769
0.3271588639940113
0.3297572776728119
0.3270620933874441
0.3298422637138763
0.3271559498028386
0.3297348941416405
0.3270587105968781
0.3298199570149417
0.3271526473032989
0.329712646211639
0.3270555594297438
0.3297975811397527
0.3271497782809692
0.3296907661096283
0.3270523999638288
0.3297766581219418
0.3271458064191984
0.3296691379138575
0.3270493434286212
0.3297550181396419
0.3271429017972459
0.3296477964224982
0.3270463420430529
0.3297337391212525
0.3271399777423551
0.3296269306737534
0.3270432006529324
0.3297122701009007
0.3271375799095293
0.3296060573486281
0.327040396575074
0.3296925803680472
0.3271337252358723
0.329585697315501
0.3270374058769402
0.3296724726610749
0.3271306060363169
0.3295656473033648
0.3270344248069043
0.3296527108212651
0.3271274515854897
0.3295456041201422
0.3270317544712324
0.3296338665810838
0.3271236697986512
0.3295261970267162
0.3270287829267455
0.3296164792729954
0.3271186646897631
0.3295067069461361
0.3270263545719456
0.3296027939782445
0.3271098527332282
0.3294880262388161
0.3270243687187539
0.3295967937133478
0.3270912917953059
0.3294705214185734
0.3270271501436557
0.329601430634806
0.3270496110870119
0.3294606655283385
0.3270471413361258
0.3295898210854296
0.3269872759988628
0.3294721918170498
0.3270840400790979
0.3295233039631686
0.3269635915750501
0.3294864003249159
0.3271021260858778
0.3294512969486073
0.32698351374616
0.3294903061334226
0.3270928361526944
0.329407417702733
0.3270010182670162
0.3294824804137353
0.3270818176016289
0.3293807392380007
0.3270093855179231
0.3294809372342247
0.3270577455246254
0.3293633198630548
0.3270195918385441
0.32948209337861
0.3270122077420036
0.3293590594823249
0.3270450975907663
0.3294530709842796
0.3269666183699008
0.3293719867016435
0.3270718162132543
0.3293881767829724
0.3269630112749595
0.329375918163289
0.3270816418237386
0.3293332918273174
0.3269808230338099
0.3293732321599113
0.3270740313527898
0.3292990369318209
0.3269927683883569
0.3293626080853051
0.3270671029650171
0.3292758639805529
0.3269978384874008
0.3293557079953336
0.3270536807453038
0.3292582031017738
0.3270015603500762
0.3293547441448879
0.3270275652532575
0.3292463188922892
0.3270120797827631
0.3293496590817984
0.3269864760158076
0.3292460815613426
0.3270348834166337
0.3293148879111227
0.3269557552264577
0.3292552881394193
0.3270537786986438
0.3292594110126023
0.326958194637166
0.3292554196425371
0.3270591071511117
0.3292151460284751
0.3269723427761451
0.3292487429183468
0.3270549275051413
0.3291859650022246
0.3269814519324685
0.3292362840832795
0.3270516095821761
0.3291649440299994
0.3269851188173045
0.3292246311629934
0.3270463800368488
0.3291477218977539
0.3269860451410384
0.3292156901010262
0.3270376799190287
0.329132607661361
0.3269865879830955
0.3292111099958099
0.3270219869811997
0.3291199400415923
0.3269900653133847
0.3292092823948292
0.3269947107402199
0.3291127580018619
0.3270020570174393
0.3291965353894034
0.3269610345507364
0.329115240246462
0.3270209277957992
0.3291590428576316
0.3269442961584293
0.3291198127241788
0.32703332029021
0.329113583076014
0.3269504720053374
0.3291189459979682
0.3270332517775799
0.3290788320155589
0.3269614115358279
0.3291087465352656
0.327032280358319
0.3290547030551082
0.326968072613612
0.3290965839806255
0.3270301442972752
0.3290363278104698
0.3269708155661701
0.329084388649249
0.3270273747342087
0.3290207972830113
0.3269713034840888
0.3290729838870713
0.3270237224082105
0.3290067224770891
0.3269707228137875
0.3290631520206035
0.3270183561368131
0.3289935665144113
0.3269698913762052
0.3290558336487496
0.3270097235192614
0.3289814408465682
0.326969833596909
0.3290518062975535
0.3269950212884821
0.3289711125319927
0.3269731759921046
0.3290486198314863
0.3269715770602826
0.3289653805385712
0.3269834207150678
0.3290354487387797
0.3269450217085593
0.3289667392320532
0.326998147441055
0.3290038577134511
0.3269321853826845
0.3289689787989854
0.3270081097914929
0.3289663921690923
0.3269364099839694
0.328967906609845
0.3270080901214949
0.3289364112079114
0.3269450537375266
0.3289590190134808
0.3270075633222958
0.3289147040946823
0.3269509410512334
0.3289482329170484
0.3270059876585206
0.3288979406595328
0.326953700845431
0.3289371104379825
0.3270040000966011
0.3288837901501404
0.3269544452927088
0.3289262921043331
0.3270015986266426
0.3288710106032616
0.3269540990783698
0.3289160518936978
0.3269986444551299
0.3288589993162733
0.3269532384031021
0.3289068981781463
0.3269945598107738
0.328847610290786
0.3269521747777582
0.3288993636341487
0.3269884969000122
0.3288368425491306
0.3269514825043117
0.3288942004798252
0.3269786918870776
0.3288268989054003
0.3269526038338175
0.3288908851173342
0.3269631141495308
0.328819383152717
0.3269575632997206
0.3288848317715859
0.3269420183019245
0.3288164974302207
0.3269677248838004
0.3288672901889055
0.3269238240706384
0.3288177776057348
0.326978523359658
0.3288380309104326
0.3269188494323022
0.3288171750513891
0.3269844756838594
0.3288084602914654
0.3269239413272392
0.3288146990947526
0.3269829273585236
0.328785252159001
0.3269303374706102
0.3288064756637166
0.3269820286287698
0.3287676531907038
0.3269345518910209
0.3287972873897771
0.3269802356767942
0.3287534959329068
0.3269365731166556
0.3287881071007293
0.3269778924719325
0.3287412379801121
0.3269372039104737
0.3287794881726077
0.326974821902405
0.3287301376906374
0.3269370386515488
0.3287718802636294
0.3269705448767115
0.3287197768524337
0.3269366887648767
0.3287657051476014
0.3269642453958502
0.3287102085760372
0.3269367755227079
0.3287612193272982
0.3269545748925938
0.3287018414641818
0.3269385322520869
0.3287571779017351
0.3269405025542084
0.3286958597412115
0.3269435244190237
0.3287492623253608
0.3269237450457564
0.328693475499236
0.3269517372868866
0.3287321664397228
0.3269112762853997
0.3286932655990011
0.3269594957625873
0.3287078696957992
0.3269085051457327
0.3286917434367026
0.3269631390239056
0.3286839737473604
0.3269123195797218
0.3286874979833614
0.3269630014085776
0.3286645378924163
0.3269171248311968
0.3286796317718788
0.3269627449946738
0.328649178022654
0.3269205008638886
0.3286711171916114
0.326961629405259
0.3286364802381733
0.3269222771296544
0.3286621128594667
0.3269605207945011
0.3286254052530678
0.3269228671730672
0.3286534347740174
0.3269589835407385
0.328615215125255
0.3269227738179911
0.3286442998023481
0.3269579359550878
0.3286056448629007
0.3269221850907541
0.3286355921670543
0.3269565355534741
0.3285964855097709
0.3269212842766318
0.328626674919108
0.3269554323496442
0.3285876303735286
0.3269201698511217
0.3286182290531722
0.3269539460122344
0.3285790772693282
0.3269188418663855
0.3286093961210815
0.3269529357914868
0.3285704332344944
0.3269176920843546
0.3286010586789254
0.3269515164517571
0.3285619953177109
0.3269164223692188
0.3285923935089128
0.3269505111186239
0.3285535642002357
0.3269152313271618
0.32858427209429
0.3269490455025618
0.3285452407022819
0.3269140169125759
0.3285757359986521
0.326948079130378
0.3285369001526808
0.326912902047557
0.3285676258973555
0.326946768914231
0.3285287408817928
0.3269116876322767
0.3285592329105301
0.3269458233803311
0.3285205892304384
0.3269105467201394
0.3285514970351667
0.3269442998877489
0.3285125774207767
0.326909346020085
0.3285433366345972
0.3269432807715773
0.3285045535476517
0.3269082358666964
0.3285352059831968
0.3269423106253544
0.3284966817217211
0.3269070512675825
0.3285275511199265
0.3269409410594717
0.3284887706559719
0.3269059830261297
0.3285194824600556
0.3269400625642898
0.328481015665671
0.3269048338905044
0.3285119373486161
0.3269387352910719
0.3284732794381644
0.326903741053964
0.3285040433008696
0.3269378318484601
0.328465649677713
0.3269026156831735
0.3284966535267432
0.3269364966103407
0.3284580378174328
0.3269015456785738
0.3284889031345793
0.3269355953898879
0.3284504732928155
0.3269004998741209
0.3284814502323577
0.326934468254067
0.3284430302054037
0.3268994036729134
0.3284739165096244
0.3269334928471316
0.3284355867221452
0.326898378359017
0.3284667083471854
0.326932261308696
0.3284282899174583
0.3268972756910471
0.3284591837316068
0.3269314156969013
0.3284209963568782
0.3268962387196072
0.3284522325769358
0.3269300634870201
0.328413768368387
0.3268952043372457
0.328444873871895
0.3269291871183065
0.3284065611966395
0.326894215325947
0.3284376019141693
0.3269282908993479
0.3283994758639018
0.3268931704954832
0.3284307238106111
0.3269270659290897
0.3283924093000863
0.3268921724880506
0.3284235368393855
0.3269262152147765
0.3283854406430228
0.3268911409443966
0.3284166764457252
0.3269251016465018
0.3283784944141654
0.3268901508228276
0.3284095479504908
0.3269243201167024
0.3283715791043668
0.3268891928054298
0.3284030306100351
0.3269229889845902
0.3283647642393654
0.3268881971098457
0.3283961351296142
0.3269220982216381
0.3283579763062071
0.3268872356352933
0.3283891925792308
0.3269213163889385
0.3283512450385463
0.3268862778287553
0.3283825895687946
0.3269202552720652
0.3283445747799574
0.3268853191016813
0.3283757999504433
0.3269194407791006
0.3283379420335598
0.3268843823348621
0.3283694184182193
0.3269182766684361
0.3283313993616373
0.3268834142770639
0.3283627467090663
0.3269174614860139
0.3283248869584044
0.3268824738516997
0.3283562541935836
0.3269165246964819
0.3283183938858234
0.3268815715016342
0.3283498227723902
0.3269155837938729
0.3283119856840553
0.3268806408931492
0.3283433681162763
0.3269147226329164
0.328305610706381
0.3268797331516936
0.3283371432325682
0.3269136870240912
0.3282992910746771
0.3268788255220819
0.3283306402790949
0.3269129850905053
0.3282929843149365
0.3268779597482999
0.3283246683145861
0.3269118058976856
0.3282868010719723
0.3268770248050813
0.3283183766625692
0.3269110005672445
0.3282806211910634
0.3268761398153673
0.3283120264067197
0.3269103074904057
0.3282744383368654
0.3268753107524253
0.3283062003787641
0.3269091420444376
0.3282683956170832
0.3268743941908301
0.328300080783865
0.3269083223765301
0.3282623407469938
0.3268735413933857
0.328293886628375
0.3269076293545051
0.3282563425496763
0.326872682647946
0.3282880010663877
0.3269066784460245
0.3282503633919798
0.3268718555943835
0.3282819027804968
0.3269059908779503
0.3282445149534691
0.3268709480237968
0.3282763331258354
0.3269048232433014
0.3282386021152155
0.3268701550875499
0.3282704231211201
0.3269040457360998
0.328232792288793
0.3268693074897936
0.3282645065727243
0.3269033238815556
0.3282270196990139
0.3268684708144726
0.3282586336119265
0.3269026068120767
0.3282212640059934
0.3268676653093957
0.3282531508916131
0.3269015463050327
0.328215563608932
0.3268668522252083
0.3282473441347985
0.3269008576555975
0.3282099127845933
0.3268660358054581
0.328241569861065
0.3269001834297498
0.3282042835145876
0.3268652443601232
0.3282362354204716
0.3268991147163067
0.3281987203355794
0.3268644331189987
0.3282306308974106
0.32689836183782
0.3281931919612984
0.3268636322464277
0.3282249598184189
0.3268977211960991
0.3281876559615202
0.3268628835606163
0.3282195312847223
0.3268968826332331
0.3281822244360932
0.3268620747220009
0.3282140012079187
0.3268961899873208
0.3281768001911936
0.3268613026199327
0.3282087465202039
0.3268952652907279
0.3281714091771716
0.3268605409432925
0.3282032678099986
0.3268946081496051
0.3281660768714449
0.3268597634959007
0.3281979970996322
0.326893785629511
0.3281607606269125
0.3268590126145204
0.3281926061199336
0.3268931259850875
0.3281555034308652
0.3268582448258698
0.3281875195195783
0.3268922033859075
0.3281502577898506
0.3268575073733091
0.3281821871104254
0.3268915685672203
0.3281450498881792
0.3268567731012439
0.3281769898065218
0.3268908397832005
0.3281398997642335
0.3268560218514007
0.3281718729050834
0.3268900711848169
0.3281347667671733
0.3268552939323623
0.3281666900464029
0.3268894088786925
0.328129674660107
0.3268545651739598
0.3281617571540618
0.3268885360739591
0.3281246098146935
0.3268538489115037
0.3281566243898426
0.3268879027765152
0.3281196089310008
0.3268531077927682
0.3281516662174761
0.3268871337280644
0.3281146108207509
0.3268524027631766
0.3281465958610192
0.3268865157060835
0.3281096677850289
0.3268516810607202
0.3281418184854742
0.3268856424289698
0.3281047351443533
0.326850987197552
0.3281367874670124
0.3268850611117665
0.3280998317379983
0.3268503013809858
0.3281318998289017
0.326884373949658
0.3280949875125316
0.3268495936023466
0.3281270868016656
0.3268836491866559
0.3280901305954552
0.3268489355115355
0.3281222193745869
0.3268830156583026
0.328085367023474
0.3268482205279037
0.3281175666027694
0.3268822035371879
0.3280805955593094
0.3268475497982647
0.3281127394552758
0.3268816019678529
0.3280758880576617
0.3268468507961994
0.3281080198255221
0.3268809284875681
0.3280711684082237
0.3268461994651952
0.3281033532836142
0.3268802371717082
0.3280665119541413
0.3268455200066032
0.3280986475853192
0.3268796200666344
0.3280618684611755
0.3268448624098493
0.3280941404968414
0.3268788386341545
0.3280572696930643
0.3268441946041129
0.3280894415543055
0.326878283679826
0.3280526706077324
0.3268435610059858
0.3280849211046012
0.3268775841042988
0.3280481205016268
0.3268429121934785
0.3280802624186558
0.3268770565099388
0.328043626494016
0.3268422409937258
0.328076069255082
0.3268760955480742
0.3280391398932445
0.3268415962689586
0.328071590706031
0.3268754529914946
0.32803463477606
0.326841002989479
0.3280671964644608
0.3268747583250522
0.3280302573450391
0.3268403149389337
0.3280628482017814
0.3268740494461901
0.3280258154789882
0.3268397248394591
0.3280586704755138
0.3268731993043923
0.3280214707530059
0.3268390736078571
0.3280546663419246
0.3268722005322163
0.3280170851549544
0.3268385080810652
0.3280511338519492
0.326870734921387
0.3280128312119325
0.326837892292109
0.3280483990866497
0.3268684052685655
0.3280085568750047
0.3268375229137895
0.3280471817244787
0.3268642004817106
0.3280045640917904
0.3268376649601059
0.3280482929228002
0.3268562229327763
0.3280014057604734
0.32683975892012
0.3280508924493862
0.3268419759179246
0.3280010064604611
0.3268465394134446
0.3280477053318945
0.326824061295389
0.3280057918174079
0.3268571680212745
0.3280309970507487
0.3268150801412988
0.328011909639587
0.3268643437855276
0.3280095649305216
0.3268186335170773
0.3280137689533174
0.3268660369340184
0.3279937935207485
0.3268249795985749
0.3280118504505307
0.3268657355657499
0.3279837408262393
0.3268291022284293
0.3280081543748912
0.3268653680101736
0.327976818223732
0.3268310767861851
0.328004114792819
0.3268648988615393
0.3279714121379339
0.3268317911443147
0.328000091413249
0.3268643324244772
0.327966731937862
0.3268318579687848
0.3279960560890528
0.3268637822464497
0.3279624110724774
0.3268316042980152
0.327992133721499
0.3268631419365925
0.3279582689424576
0.3268312009935965
0.3279880825799581
0.3268626576543138
0.3279543561542759
0.3268305956331575
0.327984278473621
0.3268619531648569
0.3279504183046107
0.3268300426402311
0.327980277309062
0.3268614730258643
0.3279464877578032
0.326829508957048
0.3279763253241754
0.3268609705859428
0.3279426286634118
0.3268289303790751
0.3279725680415075
0.3268602997001155
0.3279387616343804
0.326828386291276
0.3279686640995098
0.3268598018452821
0.3279349305964501
0.3268278322751077
0.327964796471017
0.3268592937725318
0.3279311144306149
0.3268272893020632
0.3279610544748939
0.3268586857253044
0.3279273223107603
0.3268267479948697
0.3279571590304728
0.3268582569119508
0.3279235320561589
0.326826230290295
0.3279535845005593
0.3268575321267963
0.3279197952804467
0.3268256845693353
0.3279498204199736
0.3268570220910231
0.3279160932975829
0.3268251289299619
0.3279460096471619
0.3268565839466626
0.3279123550599258
0.3268246341674995
0.3279423135926925
0.326856055839216
0.3279087079255635
0.3268240727633712
0.3279386517812296
0.3268555179383485
0.3279050156192334
0.3268235810049629
0.3279349493106954
0.3268550450287974
0.3279014001139375
0.3268230365474031
0.3279314316770913
0.3268544111123823
0.3278977754924705
0.3268225252884734
0.3279277383278855
0.3268539769164974
0.327894175316136
0.3268220132864896
0.327924209562414
0.3268534016351784
0.3278906195932025
0.3268214803567698
0.3279205382542749
0.3268529925340913
0.3278870208887417
0.3268210137714089
0.3279171374484997
0.3268523358838969
0.3278835096221529
0.3268204829921195
0.3279135931125421
0.326851845823872
0.3278799921461396
0.3268199813463326
0.3279100090178309
0.3268514185849705
0.3278764792317161
0.3268194977048453
0.3279065099816723
0.3268509289881543
0.3278730117397616
0.3268189911573701
0.3279030650632531
0.3268504076960607
0.3278695497982123
0.3268185014447852
0.3278995520070313
0.3268499768880057
0.3278661075667822
0.3268180142306489
0.3278962470372326
0.3268493598453969
0.3278627100486949
0.3268175043734853
0.3278928039677587
0.3268489028759456
0.327859315534169
0.3268170132705687
0.3278893106033941
0.3268485180730696
0.3278559042473326
0.3268165605548272
0.3278860787319609
0.3268478930632928
0.327852567418522
0.3268160548879674
0.3278826811409079
0.326847455228567
0.327849209451159
0.3268155915833925
0.3278792408100987
0.3268470814766398
0.3278458820319445
0.3268151187853315
0.3278760943206598
0.3268464345358262
0.3278425861839674
0.3268146355628676
0.3278727895766806
0.3268459666508791
0.3278392927679857
0.3268141706639721
0.3278694740681313
0.3268455303568338
0.3278360206653332
0.3268137048470747
0.3278661832265576
0.3268450899558072
0.3278327709909927
0.3268132369445481
0.3278628441645437
0.3268447182609291
0.3278295306883748
0.3268127798510655
0.3278597417765047
0.3268441298233602
0.3278263135815598
0.326812319757325
0.3278564960627734
0.3268437047855981
0.3278231205258429
0.3268118554377619
0.3278532182143094
0.3268433318697031
0.3278199301393672
0.326811408154023
0.3278501686981035
0.3268427500535853
0.3278167667045259
0.3268109536776682
0.3278470093721005
0.3268422975347327
0.3278136363409069
0.3268104855271443
0.3278438011197585
0.3268419134986233
0.3278104841821042
0.326810058283409
0.3278406234812638
0.3268415181365825
0.3278073667974027
0.3268096154026743
0.3278376379726046
0.3268409494346776
0.3278042694617242
0.3268091716279454
0.3278345386007751
0.3268405134819426
0.327801211733447
0.3268087069987001
0.3278314064606311
0.3268401292254012
0.3277981237992439
0.3268082911044553
0.327828266820724
0.326839771157469
0.3277950864455578
0.3268078432494966
0.3278254143039314
0.326839143882677
0.3277920471414704
0.3268074160865669
0.3278223911094882
0.3268387056074327
0.3277890136652908
0.326807001422713
0.3278194452569193
0.3268382077434276
0.3277860335134042
0.3268065520701668
0.3278165611074864
0.3268376653268357
0.3277830298094541
0.3268061459397203
0.3278138427828516
0.326836971431988
0.3277800841490766
0.3268057060415145
0.3278114314309449
0.3268359752624934
0.3277771066426586
0.3268053441192656
0.3278097639680108
0.3268341899488334
0.3277742307110807
0.3268050329330165
0.3278095241533349
0.326830702772861
0.327771467614861
0.3268052653263515
0.3278118799627
0.3268232679682731
0.3277695319214182
0.3268074898622769
0.327816105140037
0.3268086982213977
0.3277706058956141
0.3268152228256377
0.3278129547572068
0.326790734750131
0.3277776553628464
0.3268263021218833
0.3277949527008371
0.3267848057325412
0.3277846065246244
0.3268321452099789
0.3277754954910709
0.326790685827562
0.3277867503091105
0.3268324074600731
0.327763465608258
0.3267966511196267
0.3277850919852264
0.3268321322343886
0.3277565451433109
0.326799760818825
0.3277829325059142
0.3268313084681595
0.327751961182032
0.3268010475565133
0.3277811828668096
0.3268298354651565
0.3277484209190534
0.3268014890835805
0.3277805113687142
0.3268270694477278
0.327745460784489
0.326801790868422
0.3277819131666529
0.3268213796262589
0.3277431851238416
0.3268031912862933
0.3277856055295522
0.3268099909481481
0.3277429416454381
0.3268085147708383
0.3277860110233012
0.3267932139472095
0.3277476275307086
0.3268185879622392
0.3277733221322471
0.3267829335305203
0.3277550651834059
0.3268259231750382
0.3277541548038722
0.3267857850826772
0.3277575044375793
0.3268285695453742
0.3277404422001829
0.3267919355603843
0.3277586425330127
0.3268265555628512
0.3277323912053312
0.3267958947205856
0.3277577128519082
0.3268247832739035
0.327727387235406
0.3267978531302517
0.3277579070469799
0.3268211332053093
0.3277239430730549
0.3267992136936146
0.3277602081580012
0.3268137740693557
0.3277219634651206
0.3268020733908299
0.3277632701906293
0.3268006068887505
0.3277231479453123
0.3268092310285811
0.3277591929221613
0.3267859645398676
0.3277291190313412
0.3268183237281588
0.3277435521015773
0.3267815507616535
0.3277346072816339
0.326823143944487
0.3277270170801523
0.3267863408855421
0.3277354647133681
0.3268243473861867
0.3277163178413035
0.3267914241745938
0.3277346698957643
0.3268234918672996
0.327709836535232
0.3267943254855866
0.3277327304524544
0.3268227643061437
0.3277054705489169
0.3267956410144413
0.3277310450407219
0.3268215258607572
0.3277021160099
0.3267961373142687
0.3277301818607167
0.3268192892682851
0.3276992883432336
0.3267964248654241
0.3277308071603038
0.3268150077393853
0.3276969956524298
0.3267972942352337
0.3277333259601102
0.3268067700443547
0.3276959961584088
0.326800533997762
0.327735122012141
0.3267935426771287
0.3276982557739498
0.3268079475815258
0.3277284455784314
0.3267816477565635
0.3277041510054091
0.3268156178893842
0.3277128827853584
0.3267801167663943
0.3277080285554563
0.3268192923133945
0.3276986301782418
0.3267849611701496
0.3277091024093894
0.3268191057932072
0.3276895051744529
0.3267893069969605
0.3277076252942013
0.3268187444585159
0.3276838207610985
0.3267917148395816
0.3277058987844239
0.3268178723803177
0.3276798558434201
0.3267928213548019
0.3277045958813212
0.3268163448118377
0.3276767520420139
0.3267932898555855
0.3277042421983251
0.3268135994066385
0.3276741700463371
0.3267937353450349
0.3277054362235191
0.3268084202483916
0.3276722869669532
0.3267951497863836
0.3277079158038145
0.326799069261109
0.3276721236781129
0.3267994484052291
0.3277075218667676
0.3267863665814236
0.3276754572956749
0.3268069136709287
0.3276980404989744
0.3267781272204834
0.327680749815509
0.3268128710735147
0.3276832334433233
0.3267792368179029
0.3276829678791786
0.3268153909940844
0.3276714086476589
0.3267838673596586
0.3276836021497789
0.3268145606167095
0.3276638706624125
0.3267874043567221
0.327682259780809
0.3268138744437195
0.3276589696298552
0.3267893390725282
0.3276810353878615
0.3268125113958485
0.3276554207082354
0.3267903005102715
0.3276805830591377
0.3268100541175694
0.3276526605719243
0.3267909369084156
0.327681449761687
0.3268055329009527
0.3276506265956066
0.3267921987285218
0.3276835465618464
0.3267974826740959
0.3276500585540266
0.3267956930929382
0.3276838458551782
0.3267860569728067
0.3276524366572931
0.3268021958739072
0.3276766238089535
0.3267772710774621
0.3276571381336918
0.326808176204726
0.3276633231416256
0.3267767852243273
0.3276598095059231
0.3268110501310672
0.3276515164529452
0.3267807593221846
0.3276603482775443
0.326811024525557
0.327643649257125
0.3267843384763807
0.327658870427833
0.326810849289725
0.3276384928721843
0.3267864642742911
0.3276570348465079
0.32681036425722
0.3276348078907411
0.326787488899407
0.3276552667509958
0.3268096298125939
0.3276318647959667
0.3267878960727955
0.3276538264791047
0.3268084941956594
0.3276293082243469
0.3267880212461785
0.3276530315769314
0.3268065838309056
0.3276270152494793
0.326788137311572
0.327653264586334
0.3268032204814847
0.3276250841280636
0.3267886873289337
0.3276547509225439
0.3267972384302205
0.3276239750147447
0.3267907246364135
0.327656147292436
0.3267878224510805
0.3276248570575858
0.3267955218878174
0.327652906069431
0.3267778693854576
0.3276284597566943
0.3268016643582213
0.3276425336757278
0.3267738327398501
0.3276320623374399
0.3268056425477067
0.3276304037289169
0.3267761481836361
0.3276331830161112
0.3268068943203583
0.3276213290685895
0.3267798686902446
0.3276326442035515
0.3268066514241558
0.3276153475872666
0.3267825114389735
0.3276309148389741
0.3268064386702987
0.3276112176852509
0.3267839655499987
0.3276289904925267
0.3268060761698212
0.3276080546955215
0.3267846536128576
0.3276271108250913
0.3268055768356943
0.3276054229722382
0.3267848770605749
0.3276253717186535
0.3268049122708998
0.3276030572725634
0.326784874035322
0.3276239097338247
0.326803946404185
0.3276008458710155
0.3267847799286249
0.3276229480268948
0.3268024003755051
0.3275987618125296
0.3267847289089598
0.3276228060846021
0.3267997589153305
0.3275969027307338
0.3267849730178866
0.3276237754476606
0.3267951236935338
0.3275955624904466
0.326786219089187
0.3276252896559256
0.3267875397906004
0.3275955860990841
0.3267896157299478
0.3276243067454231
0.326778049519896
0.3275979884164657
0.3267950923349661
0.3276170523745952
0.3267718134944212
0.327601620630771
0.3267997150894955
0.3276058574127663
0.3267719974346176
0.3276033365954608
0.3268020016265082
0.3275961509467678
0.326775259079657
0.3276040143456602
0.3268015471570995
0.327589428281078
0.326778230078405
0.3276028499080812
0.326801230378298
0.327584883436226
0.326780062634569
0.3276015444094417
0.3268004659162463
0.3275815455451235
0.3267810531568811
0.3276005157401787
0.3267991975419856
0.3275789009491374
0.3267815611313628
0.3276000796323801
0.3267971078961406
0.3275766938529412
0.3267819975317712
0.3276005516062263
0.3267935352050534
0.327575006871194
0.3267828947572513
0.3276017960847013
0.326787628457314
0.3275743072125674
0.3267852060779605
0.3276021020697946
0.3267793596354946
0.3275754616256057
0.3267896064336643
0.3275979178185165
0.3267718792716581
0.3275784981635999
0.3267944123464275
0.3275886441686849
0.3267695828612708
0.3275809785569239
0.3267973738511925
0.3275787392971529
0.3267716988813989
0.3275814840705489
0.3267983873512801
0.3275712523170904
0.3267746811051219
0.3275809380713981
0.326798117802779
0.3275660882265915
0.3267768698010637
0.3275794081078874
0.3267979120444229
0.3275623887540794
0.3267781500803841
0.3275777258589679
0.3267975537375947
0.3275595124119436
0.3267787931231411
0.327576083740155
0.3267970632120882
0.3275570966915946
0.3267790443221947
0.3275745913682494
0.3267963909993837
0.3275549417187548
0.3267790798160609
0.3275733724704206
0.3267954103410339
0.3275529290850537
0.326779047174242
0.327572605671534
0.3267938799956064
0.3275510592993678
0.3267790595052986
0.3275725208015962
0.3267913738452909
0.3275494248672126
0.3267793553781002
0.3275732619685659
0.3267872070525329
0.3275482850885285
0.3267805114906596
0.327574227613297
0.3267807930675908
0.3275482756542787
0.3267833428750336
0.3275730829541201
0.326773124066274
0.3275500702937739
0.3267877024629079
0.3275672146383945
0.3267678840137145
0.3275528044577818
0.326791566240462
0.3275580788264266
0.3267675429567246
0.3275542360332674
0.3267936883605455
0.3275496652695505
0.3267699645200173
0.3275547900746961
0.3267936020579459
0.3275434893623107
0.3267725118423889
0.3275536958270229
0.3267935617969878
0.3275391511806189
0.3267742574111439
0.3275522555634673
0.326793250989769
0.3275359434254313
0.3267752497235567
0.3275508074424461
0.3267927379674362
0.3275333601067531
0.3267757584546566
0.3275494959066498
0.3267920086212304
0.3275311448070838
0.3267759769896261
0.3275484722193157
0.3267909265344036
0.3275291680895843
0.3267760627253729
0.3275479174710295
0.3267892340207964
0.3275273981303854
0.3267761922991159
0.3275480300219275
0.3267864850038547
0.3275259073478407
0.3267766940015835
0.3275487663184155
0.3267821068517938
0.3275250266312711
0.3267781209432208
0.3275492384325226
0.3267758504607198
0.3275253389115291
0.3267810861760587
0.3275471650893731
0.3267691904217561
0.3275271962045488
0.3267850287396966
0.3275409272808771
0.326765423532937
0.3275294375912556
0.3267881745548358
0.3275325805420409
0.3267657411285343
0.3275303355821062
0.3267898292036931
0.3275252343473172
0.3267679997058726
0.3275305701131659
0.3267896695612468
0.3275198021340112
0.3267702017689507
0.3275294634625124
0.3267895929475234
0.3275158877831689
0.3267717133969292
0.327528087056757
0.3267892858583555
0.3275129269148877
0.3267725857338539
0.3275267098514855
0.3267888011639591
0.3275105084431897
0.3267730392718036
0.3275254518935938
0.3267881258898248
0.3275084129439347
0.3267732410418455
0.3275244532549716
0.3267871322354761
0.3275065271179605
0.3267733272814027
0.3275238423666286
0.326785630316728
0.3275048321679541
0.326773430200667
0.3275237711312468
0.3267832786837344
0.3275033725176695
0.3267738091664296
0.3275242693429753
0.3267795804325873
0.3275023818856512
0.3267749017012133
0.3275247236880755
0.3267742698138751
0.3275023206663512
0.326777238159206
0.3275234502125239
0.3267681949828759
0.3275035968159145
0.3267806357230513
0.3275186989016525
0.3267639482145137
0.3275055523424546
0.326783752516037
0.3275114011272839
0.326763273048804
0.3275066799742929
0.3267856226530013
0.3275042860164905
0.3267649501920378
0.327507009256937
0.32678589648808
0.3274987524940392
0.3267670068347455
0.3275060388803969
0.3267860435739333
0.3274946813077547
0.3267685923412484
0.3275046260888461
0.3267859986246253
0.3274916102113377
0.3267695876959026
0.3275031361101588
0.3267857890318702
0.3274891237135302
0.3267701571657019
0.3275015194027355
0.3267856209625828
0.3274870028824542
0.3267704230302929
0.3275000260813864
0.3267853038176752
0.3274851088975708
0.3267704879187532
0.3274984187391101
0.3267850969712287
0.3274833427941641
0.3267704377439541
0.327496789948244
0.3267849152083288
0.3274816472079045
0.3267703257594457
0.3274952434681711
0.3267846569987529
0.3274799991112989
0.3267701735730189
0.3274936427720579
0.3267844597580563
0.3274784339499172
0.3267699452624125
0.3274920926758387
0.3267842186928439
0.3274768689083661
0.3267697236255725
0.3274904961029771
0.3267840309198421
0.3274753157492839
0.3267694968708221
0.3274890117442842
0.3267837375249586
0.3274737560969426
0.3267692833815214
0.3274874185838575
0.3267835597464502
0.3274722162777786
0.3267690566233373
0.3274858540174315
0.3267833600605192
0.327470676470472
0.3267688364963749
0.3274843511011857
0.3267831052952315
0.3274691366728736
0.3267686229752639
0.3274827741714788
0.3267829311792981
0.3274676202580052
0.3267683926124292
0.3274813061582784
0.3267826546067131
0.327466079712927
0.3267681929621439
0.3274797569641873
0.3267824657735003
0.3274645813768226
0.3267679575339098
0.327478226753014
0.3267822644409047
0.3274630618247589
0.3267677497938395
0.3274767386090793
0.3267820274439545
0.3274615552600652
0.326767535486299
0.3274752263771035
0.3267818209577396
0.3274600644972808
0.3267673117450936
0.327473742973683
0.3267815919848489
0.3274585677968895
0.3267671002960533
0.3274722153174616
0.3267814136303414
0.3274570673009334
0.3267668989652983
0.3274707769623847
0.3267811521896926
0.327455587568729
0.3267666831531725
0.3274692444492943
0.3267809912555987
0.3274541154910419
0.3267664658892217
0.3274678277846987
0.3267807206116657
0.3274526259738462
0.326766272328918
0.3274663202940859
0.3267805470485367
0.3274511792051495
0.3267660421300733
0.3274648657030023
0.3267803267247995
0.3274497142597448
0.3267658362602042
0.327463371515691
0.3267801521499846
0.3274482461583218
0.3267656396869378
0.3274619918986627
0.3267798689532176
0.3274468042100744
0.3267654230860892
0.3274605286258866
0.3267796755338988
0.3274453568857764
0.3267652178391067
0.327459052281485
0.3267795012637549
0.3274439155994394
0.3267650125269261
0.3274576046287211
0.3267793042971064
0.327442473235629
0.3267648142728789
0.3274561913115321
0.3267790789271775
0.3274410573939873
0.3267645954206032
0.3274547224402055
0.3267789150806988
0.3274396199207134
0.3267644041495077
0.327453373846307
0.3267786367094048
0.3274382096121853
0.3267641916408683
0.3274519434134927
0.326778446099173
0.327436788951075
0.326763995277517
0.3274504955289517
0.3267782788281673
0.3274353804731936
0.326763792502716
0.3274490785931964
0.3267780864123616
0.3274339687104642
0.3267635988036383
0.327447695512167
0.3267778658852549
0.3274325837722091
0.3267633840128437
0.3274462573621841
0.3267777062042357
0.3274311766264699
0.3267631971936307
0.3274449387886562
0.3267774325173622
0.3274297962404624
0.3267629893369746
0.3274435176730448
0.3267772671460382
0.3274283999211194
0.3267628030022854
0.3274420934615115
0.3267771105614142
0.3274270308548701
0.3267625950267974
0.3274407715117316
0.3267768572551951
0.3274256397076936
0.3267624147802214
0.3274393767430608
0.3267766823909037
0.3274242860688626
0.3267622025473991
0.3274379946198292
0.3267765004498107
0.3274229138147008
0.3267620144848814
0.3274366505712343
0.3267762859273891
0.3274215520019343
0.3267618214916677
0.3274352582906996
0.3267761251735282
0.3274202005513809
0.326761623631137
0.3274339720546111
0.3267758637166249
0.3274188430066112
0.3267614373863155
0.327432611141607
0.3267756824339329
0.3274175067027664
0.3267612352525853
0.327431242749644
0.3267755140808247
0.3274161594199382
0.3267610494758344
0.3274298706618234
0.3267753548321303
0.3274148264722033
0.3267608547446438
0.3274286031232352
0.3267750962637949
0.3274134880883054
0.3267606708560682
0.3274272626493539
0.3267749160009761
0.3274121530251676
0.3267604889113152
0.3274259054073269
0.326774757862648
0.3274108485013156
0.3267602816472335
0.3274245694157997
0.3267745837589922
0.3274095227996707
0.3267601008347346
0.3274232733878857
0.3267743749028411
0.3274082085478422
0.3267599137984237
0.3274219270858743
0.3267742215723407
0.3274069029626281
0.3267597233140802
0.3274206875377572
0.3267739665578503
0.3274055925715932
0.3267595428598685
0.3274193546892916
0.3267738100924349
0.3274042954669372
0.3267593541829663
0.3274180221565953
0.3267736584769108
0.3274029921315412
0.3267591768823218
0.3274167737609828
0.3267734277610002
0.3274017054639105
0.3267589880129652
0.327415444212341
0.3267732833462528
0.3274004125232364
0.3267588104603571
0.3274141939440348
0.3267730646751592
0.3273991408183892
0.3267586167044946
0.3274128710879713
0.3267729236593107
0.327397853486767
0.3267584436336216
0.3274116663338613
0.3267726694120763
0.327396590030049
0.3267582517332073
0.3274103855679555
0.3267724961947117
0.3273953082739391
0.3267580830725835
0.3274091026699436
0.3267723300909118
0.3273940522123214
0.3267578936081956
0.3274078013930377
0.3267721873502124
0.3273927838669082
0.3267577213221312
0.3274065778950705
0.3267719716987223
0.3273915384452834
0.326757530999654
0.3274053014458781
0.3267718139023446
0.3273902827673756
0.3267573557966221
0.3274040441458272
0.3267716418122441
0.3273890439436413
0.3267571685686242
0.3274028116119593
0.3267714497645113
0.3273877836653397
0.3267570076275295
0.3274015417947586
0.3267712998356456
0.3273865638781832
0.3267568109781802
0.3274003644211049
0.3267710621382953
0.3273853075912854
0.3267566556623874
0.3273991019446099
0.3267709143797216
0.3273840928972289
0.3267564633996534
0.3273978482298329
0.3267707626173161
0.3273828496076519
0.3267563044816441
0.3273966609222121
0.326770549105169
0.3273816386517548
0.3267561179234372
0.3273954120115408
0.326770401913454
0.3273804174573668
0.326755946275401
0.3273942126460059
0.3267702098061347
0.3273792023659166
0.3267557731761488
0.3273929659068754
0.3267700697478879
0.3273779946179728
0.3267555973526707
0.3273917981081595
0.3267698553021076
0.3273767779875115
0.3267554350341796
0.3273905519178394
0.3267697239022527
0.3273755790343212
0.3267552595799385
0.3273893811102659
0.3267695216567595
0.3273743757053018
0.3267550930682461
0.3273881506305236
0.3267693836600921
0.3273731893399369
0.3267549141426947
0.3273870213432407
0.3267691488798544
0.3273719934726081
0.3267547492849115
0.3273858031893837
0.3267690075518953
0.3273708176458749
0.3267545687828661
0.3273845873168343
0.3267688684526982
0.3273696219646324
0.3267544126365255
0.3273834523062983
0.3267686528685196
0.3273684482761371
0.3267542389590256
0.3273822507435926
0.3267685083298171
0.3273672739795352
0.3267540702628666
0.3273810587349615
0.3267683586712478
0.3273661023091231
0.3267539033440026
0.3273799205516201
0.3267681595375613
0.327364931343553
0.3267537401193084
0.3273787328425793
0.3267680143247484
0.327363775737013
0.3267535658779502
0.3273775838037065
0.3267678347686193
0.3273626144230066
0.3267534016872765
0.3273763933898098
0.3267677009451509
0.3273614613816308
0.3267532335535845
0.3273753034286258
0.3267674708617048
0.3273603045938428
0.3267530735274109
0.3273741458101185
0.326767312751205
0.3273591490373912
0.3267529165171533
0.3273729898176075
0.3267671572929269
0.3273580112006351
0.3267527460097703
0.3273718257881216
0.326767014163074
0.3273568682304718
0.3267525848274035
0.3273706634426232
0.3267668735895886
0.3273557283736278
0.3267524247617458
0.327369569127676
0.3267666691213194
0.3273545992043497
0.3267522582178522
0.3273684175901552
0.326766526106019
0.3273534655245585
0.3267521003180586
0.3273672649646811
0.3267663883580944
0.3273523380492224
0.3267519403806907
0.3273661815386814
0.3267661854879593
0.3273512199165847
0.3267517752489321
0.3273650432437157
0.3267660416537781
0.3273500972614934
0.3267516187161065
0.3273638992660696
0.3267659076234092
0.3273489801200037
0.3267514607756596
0.3273628259467644
0.3267657069549508
0.3273478722408284
0.326751297655514
0.3273616767111364
0.3267655863250966
0.3273467554663886
0.3267511474606277
0.3273606036219583
0.3267653935603606
0.3273456609472915
0.3267509790430235
0.3273594818584271
0.3267652535158787
0.3273445563216144
0.3267508247453554
0.3273583742253217
0.3267651033454888
0.3273434521457834
0.3267506739981877
0.3273572961572047
0.3267649275749345
0.3273423707068174
0.3267505044780205
0.3273561653074182
0.3267648085881805
0.3273412680277011
0.3267503601896372
0.3273551454360553
0.3267645824493678
0.3273401911394972
0.3267501941031349
0.3273540516687187
0.3267644341671523
0.3273390924337912
0.3267500537338163
0.3273529510209729
0.3267642967107397
0.3273380199610784
0.3267498909793636
0.3273518402033094
0.3267641733667953
0.3273369349319371
0.3267497446400376
0.3273507736536867
0.3267640096249718
0.3273358662211247
0.3267495858359271
0.3273496817194112
0.326763875137444
0.327334794798909
0.3267494335973216
0.3273486433822579
0.3267636908576599
0.3273337243371364
0.3267492842344719
0.3273475453515098
0.3267635701188746
0.3273326633641567
0.326749129213367
0.3273465453640748
0.3267633550253524
0.3273315991165743
0.3267489813280116
0.3273454781272959
0.3267632109988636
0.3273305454853029
0.3267488265650309
0.3273444183427029
0.3267630632901443
0.3273294927746816
0.3267486746341948
0.327343358336654
0.3267629195752481
0.3273284330487534
0.3267485334394553
0.3273422966693628
0.3267627812705441
0.3273273917806789
0.3267483774813612
0.3273412154535291
0.3267626662611465
0.3273263489404024
0.3267482268141448
0.3273402360251044
0.3267624530535251
0.3273253046063206
0.3267480813949686
0.3273391903491439
0.326762309801337
0.3273242689247278
0.3267479309632517
0.3273381468938621
0.3267621680014023
0.3273232358964678
0.3267477815121771
0.327337086627647
0.3267620467153923
0.3273222036522636
0.3267476348621963
0.3273360393668115
0.3267619160727238
0.327321175224178
0.3267474880185012
0.3273350420977599
0.3267617390145623
0.3273201464120622
0.3267473451807917
0.3273340010681327
0.3267616093330923
0.3273191321528182
0.326747191356997
0.3273329688440801
0.3267614744312293
0.3273181067163133
0.32674705229147
0.3273319696362762
0.3267613100521606
0.3273170910170815
0.3267469070426045
0.327330924916433
0.3267611947587999
0.3273160707110516
0.3267467699486821
0.3273299705984796
0.3267609925208039
0.3273150642668725
0.3267466225607262
0.3273289595498236
0.3267608505257553
0.3273140680679982
0.3267464684209423
0.3273279496419119
0.3267607109081236
0.3273130518226764
0.3267463378076996
0.3273269275835811
0.3267605869527196
0.327312058200923
0.326746188005221
0.3273258989961101
0.3267604730193873
0.3273110534492484
0.3267460528024236
0.3273249591191232
0.3267602737513473
0.3273100618206681
0.3267459079681191
0.3273239604041495
0.32676013675981
0.32730908030988
0.3267457564161834
0.3273229449395
0.326760019994188
0.3273080864851912
0.3267456205468199
0.3273219376358482
0.3267598984883597
0.327307099209581
0.3267454815394897
0.3273209931104112
0.3267597175322622
0.327306121421032
0.326745336446616
0.3273199933734806
0.3267595952046037
0.3273051395575892
0.3267451987573537
0.3273189918054472
0.3267594780852233
0.3273041606730802
0.3267450614540501
0.3273180566351121
0.3267592978509145
0.3273031917903305
0.326744917504126
0.3273170669358973
0.3267591755158823
0.3273022176594214
0.3267447820883559
0.3273160730241497
0.3267590607263169
0.3273012476326954
0.3267446458865059
0.3273151459225453
0.3267588823668111
0.3273002881165337
0.3267445024837805
0.3273141670317456
0.3267587591144885
0.3272993106491231
0.3267443802874627
0.3273131745428973
0.3267586527591308
0.3272983609544796
0.326744233568672
0.327312265244987
0.3267584664085982
0.3272974060416471
0.3267440953500446
0.3273112956294894
0.3267583436355122
0.3272964493788537
0.3267439620947589
0.3273103220715816
0.3267582280636507
0.3272954990198588
0.3267438257283808
0.327309378503818
0.3267580857129097
0.3272945555371353
0.3267436856837794
0.3273084124397013
0.3267579690629544
0.3272935970532465
0.3267435638527358
0.3273075038329204
0.3267577981052044
0.3272926655360758
0.3267434182287117
0.3273065521722121
0.3267576733854671
0.3272917305087108
0.326743279269529
0.327305587722887
0.3267575646275296
0.3272907776443205
0.3267431613045969
0.3273046885125749
0.3267573937390007
0.3272898544685155
0.3267430167834966
0.3273037428386752
0.3267572724595731
0.3272889272008137
0.3267428794654599
0.327302789014084
0.3267571624614027
0.3272879827209272
0.3267427624759419
0.3273018973714498
0.3267569933479189
0.3272870677765052
0.3267426190440894
0.3273009579041508
0.3267568751653838
0.3272861487324606
0.3267424827827397
0.3273000261807054
0.3267567523204533
0.3272852221826296
0.3267423570929313
0.3272991017285124
0.3267566252640537
0.3272842994858172
0.3267422306081731
0.3272982020797271
0.3267564764353738
0.3272833964840864
0.3267420874578423
0.3272972621146898
0.3267563709823666
0.3272824656200605
0.3267419752100752
0.3272963881264472
0.3267562025348187
0.3272815673806152
0.3267418333524072
0.3272954610356382
0.326756090217828
0.3272806520662983
0.3267417115638982
0.3272945309770783
0.3267559838802994
0.327279748415422
0.3267415811014669
0.3272936782950244
0.3267558030845911
0.3272788491090667
0.3267414493166543
0.3272927805091824
0.3267556703446902
0.3272779563800973
0.326741313918794
0.3272918704747672
0.3267555528387361
0.3272770488632337
0.3267411962344099
0.3272909633448486
0.3267554353900713
0.3272761601954103
0.326741062611705
0.3272900557237692
0.3267553213889475
0.32727526571781
0.3267409377040367
0.3272891493118541
0.3267552091067915
0.3272743760629859
0.3267408108885096
0.3272882901088632
0.3267550524910712
0.3272734873179257
0.326740686076983
0.3272873954279429
0.3267549342555047
0.3272726022561487
0.3267405604607461
0.3272864891991682
0.3267548304667388
0.3272717197398241
0.3267404351668702
0.3272856375485781
0.3267546749416618
0.3272708386612251
0.3267403113050152
0.3272847310256645
0.3267545771735435
0.3272699717458053
0.3267401761223205
0.3272838887768451
0.3267544179311667
0.3272690902094409
0.3267400584203545
0.3272829869430959
0.3267543211486368
0.3272682216644106
0.3267399305230441
0.327282143001183
0.3267541692676043
0.327267350106893
0.3267398084727931
0.3272812595919363
0.3267540596749394
0.3272664804901263
0.3267396872737158
0.3272803869702702
0.3267539420981372
0.3272656221523555
0.3267395575789661
0.3272795355210273
0.3267538061192197
0.327264759689773
0.3267394347929749
0.3272786453941646
0.3267537116125503
0.327263891446926
0.326739320563993
0.3272778421237487
0.3267535329395995
0.3272630382867481
0.3267391940545736
0.3272769827370567
0.3267534131265283
0.3272621815579618
0.3267390738529672
0.3272761197277687
0.3267532997053403
0.3272613337810079
0.326738947399829
0.3272752657166761
0.3267531800145481
0.3272604840645648
0.3267388256066716
0.3272744069671376
0.3267530677968455
0.3272596285634596
0.3267387122910392
0.32727355230155
0.3267529542084487
0.3272587879830227
0.3267385867409448
0.3272726978443491
0.3267528431142698
0.3272579503187628
0.3267384609554045
0.3272718680400927
0.3267527100345906
0.3272571090642194
0.3267383414409201
0.327271001757116
0.3267526161236968
0.3272562598745704
0.3267382325274731
0.327270198309094
0.3267524620113038
0.3272554352371176
0.3267381017118923
0.3272693585678411
0.3267523468443485
0.3272545924158025
0.326737991732025
0.3272685109241174
0.3267522422373258
0.3272537675716536
0.3267378663790529
0.3272676830971064
0.3267521204364143
0.3272529305028173
0.3267377558819607
0.3272668425089764
0.3267520140233253
0.3272521151277224
0.3267376262846405
0.3272660397415327
0.3267518723697936
0.3272512762655122
0.3267375228036929
0.3272652087784266
0.3267517615105339
0.327250461183748
0.3267373981161206
0.3272643762247881
0.3267516548341037
0.3272496467678989
0.3267372753354071
0.3272635695309533
0.3267515248555669
0.3272488169758437
0.3267371705089289
0.3272627287335641
0.3267514315647299
0.3272480151094422
0.3267370403115218
0.327261967107959
0.3267512615713275
0.3272471883234372
0.3267369376500353
0.3272611572740799
0.3267511423247462
0.3272463803059015
0.3267368187655001
0.3272603607084287
0.3267510122870584
0.3272455788299671
0.3267366959287518
0.3272595759095399
0.3267508729098682
0.3272447615563467
0.3267365915751735
0.3272588132347772
0.3267507136346153
0.3272439726992558
0.3267364617639192
0.3272581025402775
0.3267505040029033
0.3272431585137389
0.3267363614980025
0.3272574896802124
0.3267501956975642
0.3272423630522876
0.326736251101548
0.3272570464646571
0.3267497086854108
0.3272415687491809
0.3267361650017876
0.3272569694851363
0.326748811989665
0.3272408058517742
0.3267361407372308
0.327257538562063
0.3267470930444958
0.3272401344159502
0.3267363782063594
0.3272590849869422
0.3267437270973738
0.3272398620952336
0.3267374533678084
0.3272611403815601
0.326737746282711
0.327240780652213
0.3267405118447473
0.3272605905938335
0.3267304261295377
0.3272438482431901
0.326745050587805
0.3272544574590666
0.3267269492487559
0.32724740425445
0.3267480804517662
0.3272464758893087
0.3267285744595081
0.3272488034320263
0.3267492557581508
0.3272408227469404
0.3267313413409456
0.3272494196183148
0.3267488161828321
0.3272375018076232
0.3267332226126421
0.327249170664404
0.3267484411413048
0.3272354900275863
0.3267342336728207
0.3272490848692228
0.3267476551945109
0.3272341378360969
0.3267347661665982
0.3272495137289346
0.3267461633719661
0.3272331794282781
0.3267352064791793
0.3272508154925603
0.3267432670362644
0.327232677790552
0.3267361586574323
0.3272527771664392
0.326738043675847
0.3272331923243622
0.3267387086562072
0.3272530337803215
0.3267310267349529
0.3272356796455954
0.3267429520200816
0.3272482025606979
0.3267266261423712
0.3272392242020745
0.3267462635012888
0.3272405145187643
0.3267273816364282
0.3272410925664712
0.3267476304858993
0.3272345047743994
0.3267300257138392
0.3272413319212825
0.3267479181843369
0.3272308645291188
0.3267320544994047
0.3272409813345545
0.3267477845709134
0.3272286651020734
0.3267331927460041
0.3272403293702218
0.3267476675852693
0.3272271983810714
0.32673374739879
0.3272396537408775
0.3267475018804182
0.3272260919741122
0.3267339817785674
0.3272390441234005
0.3267472521822729
0.3272251657821457
0.3267340506394791
0.3272385479500851
0.3267468804400523
0.3272243327654167
0.3267340430902444
0.3272383033761213
0.3267462341694315
0.3272235563379843
0.3267340280547261
0.3272384885228826
0.3267450717756155
0.3272228609434457
0.3267341040176337
0.3272394052983462
0.3267428576804644
0.3272223603149532
0.3267345889681375
0.3272411473817163
0.3267387409989977
0.3272224776178718
0.3267362630204423
0.3272423921939682
0.3267324180725888
0.3272241039739684
0.3267398328051814
0.3272397642124911
0.3267267042536685
0.3272273712365555
0.3267436340325166
0.3272329212580657
0.3267256409218252
0.3272299032233574
0.3267456457677748
0.3272262592297668
0.3267278687215812
0.3272307350718389
0.3267461345856625
0.327221927929309
0.326730147907443
0.3272305802122278
0.3267461038596772
0.3272193279249321
0.3267315703899267
0.3272299769061143
0.3267460465734357
0.3272176604483947
0.3267323146365432
0.3272292992134664
0.3267459346758249
0.327216457158277
0.3267326638315541
0.3272286112649882
0.3267458009391279
0.327215494510836
0.3267327916602403
0.3272279566624124
0.326745627109511
0.3272146549490207
0.3267328035670832
0.3272273698078679
0.3267453837714365
0.327213867509668
0.3267327700243331
0.3272269038419389
0.3267450145325422
0.3272131203870244
0.3267327108508772
0.3272266584914437
0.3267444035937522
0.3272124213823642
0.326732649249012
0.3272268212225766
0.3267433043388417
0.3272117559779782
0.3267327127308391
0.3272276568336158
0.3267412405522311
0.3272112683205561
0.3267331435545732
0.3272292776325815
0.3267374247504961
0.3272113228051363
0.3267346551167566
0.3272305624224235
0.3267314955455564
0.3272127574088357
0.3267379363738901
0.3272284036304119
0.3267258587971711
0.3272157988706983
0.3267416295481499
0.3272220795161527
0.3267244507854531
0.3272183513727583
0.3267437036247781
0.327215571755863
0.3267264173910799
0.3272191999548019
0.3267443515281591
0.3272112092920511
0.326728651846023
0.3272193115439411
0.3267441588250755
0.3272085648751072
0.3267301076883949
0.3272188674901955
0.3267439985443331
0.3272068714367515
0.3267309004954959
0.3272184288527923
0.3267436801189378
0.3272056765693116
0.3267312832196961
0.3272181534848266
0.3267431429170967
0.3272047388585039
0.3267314646716737
0.3272182190311168
0.326742193254706
0.3272039584565693
0.3267316149514049
0.3272188695328926
0.3267404365855295
0.3272033753870887
0.3267319789883606
0.3272202681642305
0.3267372035213035
0.327203243899664
0.3267331347912256
0.3272217270878044
0.3267319630827332
0.3272042129558498
0.3267358768819345
0.3272206795247117
0.3267261872043287
0.3272068126820041
0.3267395038718787
0.3272154122224138
0.3267236893182743
0.3272095563587403
0.3267419176749394
0.3272089133002523
0.326725009770911
0.327210680897633
0.3267428937264876
0.3272041602401888
0.3267272427012349
0.3272110418718393
0.3267427359495538
0.3272012238401518
0.3267288608153409
0.3272106903209582
0.3267425922202253
0.3271993783335553
0.3267297812754321
0.3272103110483792
0.3267422620589873
0.3271981012467803
0.3267302581405963
0.3272100901587994
0.3267416950362449
0.3271971279862484
0.3267305040235481
0.3272102263199315
0.3267406818304829
0.3271963576306974
0.3267306959780867
0.3272109338962604
0.3267388413469042
0.3271958022001908
0.3267311329303225
0.3272123043493657
0.326735545578183
0.3271957376555579
0.3267323916548024
0.3272135436862331
0.3267303945876413
0.3271968030570131
0.3267351408916832
0.3272121409700167
0.3267250894602777
0.3271993394140483
0.3267385313201026
0.3272069040271054
0.3267230800359343
0.3272018149922157
0.3267407066547545
0.3272008115996144
0.3267244474183852
0.3272027464329825
0.3267416105657183
0.3271963903706294
0.3267265357812819
0.3272031303567018
0.3267413677098138
0.3271936152560642
0.3267280543303452
0.3272028183425517
0.3267411873827557
0.327191847654533
0.326728929007553
0.3272024994028562
0.3267408110258478
0.3271906173723254
0.3267293906668687
0.3272023852296016
0.3267401429539339
0.3271896817643508
0.3267296493573086
0.3272026683111543
0.3267389538008624
0.3271889512904365
0.3267299121379468
0.3272035407498846
0.3267368183262339
0.3271884996918649
0.3267305167121027
0.3272049282764439
0.3267331408532305
0.327188675049568
0.3267320927389582
0.3272056261503447
0.326727929891856
0.3271900933906831
0.3267350346314414
0.3272032018742487
0.3267235056918107
0.3271926653874575
0.3267380484999045
0.3271976746818858
0.3267226122827838
0.3271946733567743
0.3267397373923343
0.327192170800074
0.3267242850847684
0.3271952280114312
0.3267404032068127
0.3271883719809995
0.3267261765112862
0.3271954388496522
0.3267401197700583
0.3271859730818872
0.326727468875685
0.3271950850637323
0.3267399347583441
0.3271843984596352
0.3267282054500696
0.3271947424718378
0.3267395873480919
0.3271832697633082
0.3267285910813559
0.3271945750184755
0.3267389974764284
0.3271823821684904
0.3267288080148019
0.3271947455637708
0.3267379736679259
0.3271816770985955
0.3267290032380724
0.3271954379088096
0.3267361568186762
0.3271811856532155
0.3267294556356748
0.3271966615589244
0.3267330273260084
0.3271811725043097
0.3267306741942562
0.3271976298119215
0.3267283424577938
0.327182185299962
0.3267331694361035
0.32719620660418
0.3267236718444478
0.327184426237476
0.3267361766553838
0.3271915053235806
0.3267218744847123
0.3271865965206663
0.3267381541244009
0.3271860164557399
0.3267230107200905
0.3271874711973407
0.3267390023930657
0.3271819017591018
0.3267248829446953
0.3271877472686085
0.3267389093957663
0.3271792499329799
0.3267263009678313
0.3271874043933667
0.3267388229510989
0.3271775200095386
0.3267271588210772
0.3271869863052168
0.3267386073481153
0.3271763041846856
0.3267276217341192
0.3271866484772233
0.3267382422995397
0.3271753709678556
0.3267278531351516
0.3271864939844134
0.3267376494160505
0.3271745953914268
0.3267279878143468
0.3271866639170578
0.3267366417132536
0.3271739556428944
0.3267281437496927
0.3271873239797932
0.326734878654483
0.327173503919352
0.3267285679012785
0.3271884736635182
0.326731877154744
0.3271735026012414
0.326729717295446
0.3271893530607218
0.3267274589191147
0.327174446023933
0.3267320510825106
0.3271880380813044
0.3267230341608477
0.3271765300919553
0.3267348837530547
0.327183667371414
0.3267212207232868
0.3271785849204882
0.3267368126170421
0.3271784434955715
0.3267221932634808
0.3271794529593947
0.326737680884096
0.3271744390392953
0.3267239489526161
0.3271797978593856
0.326737574760166
0.3271718105129405
0.3267253354480311
0.3271794843865861
0.3267375018177187
0.3271700798654429
0.3267262001857356
0.327179089222013
0.3267372938074632
0.3271688647489973
0.3267266773231848
0.3271787615536983
0.3267369430879007
0.3271679290871525
0.3267269299203078
0.3271786083211445
0.3267363714660453
0.3271671649568168
0.326727071564365
0.3271787656701365
0.3267354014804557
0.3271665286804239
0.3267272350080324
0.3271793728761684
0.3267337332943186
0.3271660848862271
0.3267276271012237
0.3271804297931362
0.3267309325693704
0.3271660524027083
0.3267286715735597
0.3271812777659743
0.3267268179420545
0.3271668701239995
0.3267308039583081
0.3271802069485379
0.3267225687617358
0.3271687629351624
0.3267334833019248
0.3271762616857052
0.3267205952200306
0.3271707460443465
0.3267354112227966
0.3271712853090633
0.3267213131460963
0.3271716873510069
0.3267363135020178
0.3271673133820365
0.3267229599716837
0.3271719572999635
0.3267363843744457
0.3271646499666536
0.3267243405487885
0.3271716242400842
0.3267363932710848
0.327162885910402
0.3267252300476206
0.327171148462872
0.3267363066288415
0.3271616465103503
0.3267257341772944
0.3271706361533401
0.3267361794919684
0.3271607018208443
0.3267259895425532
0.3271701537264697
0.3267359982899889
0.3271599215818399
0.3267260978621653
0.3271697447355345
0.3267357334949364
0.3271592306060266
0.3267261298118613
0.3271694510242401
0.3267353404773709
0.3271585945474671
0.3267261304329143
0.3271693592757092
0.3267347107756228
0.3271580058525078
0.326726146777936
0.3271695920431625
0.3267336530367909
0.3271574880681454
0.3267262725128123
0.3271702618559365
0.3267318599401408
0.3271571529392184
0.3267267112671384
0.3271712948486477
0.3267289200024532
0.3271572637104583
0.3267278775981831
0.327171860393673
0.3267248529070939
0.3271582475518809
0.3267300637361409
0.3271703152011233
0.3267210788933835
0.3271601435305186
0.3267325415737632
0.3271662280215351
0.3267197158459919
0.327161877663146
0.3267341931927784
0.32716157945862
0.3267206486604707
0.3271625650297292
0.3267349672253906
0.3271579990404991
0.3267222065609544
0.3271629146320359
0.3267348077103174
0.3271555959912864
0.3267234537373991
0.3271626300626508
0.3267347327877845
0.3271539825531113
0.3267242503790307
0.3271622909127087
0.326734511170444
0.3271528294460823
0.3267247101174892
0.3271620203120786
0.3267341447689888
0.3271519408876704
0.3267249635992444
0.3271619212610037
0.3267335545436132
0.3271512229083668
0.326725114696312
0.3271621056475761
0.3267325831725256
0.3271506346075888
0.3267252972201259
0.3271626889433035
0.3267309529300818
0.3271502351298354
0.3267257165531111
0.3271636176919267
0.3267283109472334
0.3271502405769737
0.3267267322697865
0.3271642555273672
0.3267245766573973
0.3271510133132931
0.3267286773683796
0.3271631409189352
0.3267208627025995
0.3271526868561486
0.3267310382753705
0.3271595863801347
0.3267191457792835
0.3271544029227902
0.3267327609569664
0.3271551409016265
0.3267197360353784
0.3271552353325854
0.3267336063165406
0.3271515122841816
0.3267211789211181
0.3271554682326957
0.32673372371867
0.3271490105235224
0.3267224416978999
0.3271551423864126
0.326733777761772
0.327147326428197
0.3267232794938675
0.3271546584310411
0.3267337537853448
0.3271461267999049
0.3267237754603743
0.3271541384226637
0.3267336839484447
0.3271452077678877
0.3267240406894046
0.3271536077399836
0.3267335981781087
0.3271444453709974
0.3267241666322718
0.3271530530791391
0.3267335285458768
0.3271437681142569
0.3267242142294431
0.3271524952869597
0.3267334603513728
0.3271431468941835
0.3267242089048686
0.3271519779010759
0.3267333522269121
0.3271425623462673
0.3267241687360022
0.3271514242079907
0.3267332816205741
0.3271419913719061
0.3267241164774143
0.3271508609247313
0.3267332219742698
0.3271414430277677
0.3267240429801464
0.3271503317626008
0.32673312958448
0.327140911184942
0.3267239543621544
0.3271497725418797
0.3267330686548566
0.327140357035162
0.3267238894420638
0.3271492549441317
0.3267329674605572
0.3271398228356363
0.32672380595553
0.3271487091034117
0.3267328958900351
0.3271392820321667
0.3267237304438563
0.3271481627579707
0.3267328262082936
0.3271387454751234
0.3267236520414605
0.3271476114315835
0.3267327628810487
0.3271382079622656
0.3267235759633461
0.327147094264341
0.3267326667412526
0.3271376677628599
0.3267235039375996
0.3271465476141968
0.3267326014527672
0.3271371352604729
0.326723425567801
0.3271460258918485
0.3267325125764327
0.3271366026663659
0.3267233486443454
0.3271454725290968
0.3267324567062199
0.3271360742811221
0.3267232688568952
0.327144969129847
0.3267323521852998
0.3271355371848053
0.3267231991407321
0.327144430922325
0.3267322838292409
0.3271350068684391
0.3267231239652422
0.3271438878243751
0.3267322217115615
0.3271344807463568
0.3267230459247832
0.3271433719863107
0.3267321336525763
0.3271339536595515
0.3267229701813445
0.3271428250983346
0.3267320779865767
0.3271334307460752
0.3267228915877247
0.3271423270277515
0.3267319747946243
0.3271329000140716
0.3267228221504048
0.327141795225902
0.3267319066674213
0.3271323747269623
0.3267227485679304
0.3271412574288307
0.326731845862297
0.3271318544544236
0.3267226712775332
0.327140746950469
0.326731759035781
0.3271313332091926
0.3267225962701421
0.3271402064228028
0.3267317035792014
0.3271308118336254
0.3267225226909051
0.3271397054900429
0.3267316098144021
0.3271302882032615
0.3267224526708318
0.3271391748209504
0.326731547093967
0.3271297746717166
0.3267223738411736
0.3271386680536965
0.3267314617523693
0.3271292580311724
0.326722299414374
0.3271381317953893
0.326731407205282
0.3271287455007809
0.3267222221624689
0.3271376438536208
0.3267313055956519
0.3271282252049841
0.3267221539750416
0.3271371236919082
0.3267312374989551
0.3271277090068936
0.3267220829533068
0.3271365944245155
0.3267311797980534
0.327127199023404
0.3267220069838733
0.3271360937057164
0.3267310948086194
0.3271266880537161
0.3267219332726395
0.3271355653733832
0.3267310387143249
0.3271261765102172
0.3267218613965067
0.3271350744852649
0.3267309464239317
0.3271256631353981
0.3267217926193157
0.3271345521891555
0.3267308868134657
0.3271251597380181
0.3267217151148977
0.3271340550584297
0.3267308032817436
0.3271246532392412
0.3267216419681582
0.3271335311202161
0.3267307478223721
0.3271241448964229
0.3267215719112328
0.3271330454433829
0.3267306553326634
0.3271236364045037
0.3267215032548654
0.3271325266767693
0.3267305971892959
0.327123137836522
0.3267214259074952
0.3271320335040159
0.3267305146807683
0.3271226349114201
0.3267213541576593
0.3271315143265754
0.3267304594249134
0.3271221309802833
0.3267212846440678
0.3271310329592871
0.326730367573994
0.3271216264723961
0.326721216942561
0.3271305180914806
0.326730310464637
0.3271211326733403
0.3267211397488429
0.3271300292418414
0.3267302285500984
0.3271206341078756
0.3267210685460773
0.3271295156038266
0.3267301726557789
0.3271201345313703
0.3267209995690417
0.3271290380730016
0.3267300818533201
0.3271196343718565
0.3267209323954319
0.3271285270484694
0.3267300257702627
0.3271191444491524
0.3267208561852885
0.327128042050099
0.3267299448589078
0.3271186506035448
0.3267207851068021
0.3271275334742417
0.326729888740785
0.3271181549104645
0.3267207170756026
0.3271270601440405
0.3267297985603057
0.3271176590436937
0.3267206504232689
0.3271265520801279
0.3267297443244825
0.3271171733607816
0.3267205747715453
0.3271260721253397
0.3267296631619616
0.3271166837623466
0.3267205042286472
0.3271255681410727
0.3267296072293097
0.3271161919013994
0.3267204371332753
0.3271250993712208
0.3267295172496547
0.3271157002729377
0.3267203710001189
0.3271246103329169
0.3267294487215415
0.3271152220853656
0.3267202925960565
0.3271241193925563
0.3267293832793262
0.3271147286472276
0.3267202306182768
0.3271236266594669
0.3267293208115947
0.3271142500444034
0.3267201549631187
0.3271231426278354
0.3267292508112664
0.327113758477771
0.3267200934473538
0.32712264851783
0.3267291920603002
0.3271132839910473
0.3267200160133434
0.3271221973705293
0.3267290914747725
0.327112792479943
0.3267199568006975
0.3271217188206511
0.3267290194438292
0.327112320455668
0.3267198792632129
0.3271212480602446
0.3267289407447817
0.3271118347243325
0.3267198166272702
0.3271207747640009
0.3267288657097634
0.3271113569780539
0.3267197471971571
0.3271203177841129
0.3267287754051897
0.3271108811418086
0.3267196771462224
0.3271198720421687
0.3267286748024044
0.3271103998903866
0.3267196139888842
0.3271194492723226
0.3267285518164642
0.3271099330575035
0.3267195384289278
0.3271190711895069
0.3267283837859979
0.3271094538825856
0.3267194789556698
0.3271187678323245
0.3267281376454553
0.3271089871468282
0.3267194158896091
0.3271185922707272
0.3267277514790915
0.3271085200503782
0.3267193778870698
0.3271186353265259
0.3267271064279549
0.3271080792707874
0.3267193864787318
0.3271190085548285
0.3267260085695279
0.327107705985714
0.3267195421914669
0.3271198245053488
0.3267241073991198
0.3271075370613725
0.3267200899242674
0.3271208879604122
0.3267210274147447
0.3271078935427328
0.3267214594747619
0.3271211135152529
0.3267170603286376
0.3271091876915613
0.3267237374799083
0.3271189284281026
0.326714035110146
0.3271111476394903
0.3267259244710175
0.3271147297034723
0.3267135819545351
0.327112590587579
0.3267271630573145
0.3271106649704965
0.3267148467354917
0.3271130791684718
0.3267276224097569
0.3271077980278072
0.3267162690779264
0.3271131732458078
0.3267275410913867
0.3271059395273835
0.3267172833210483
0.3271128804896561
0.3267274834499809
0.3271047017866373
0.3267178920975539
0.3271125397241574
0.3267273506420578
0.3271038128527056
0.3267182247461201
0.3271122264678554
0.3267271489265366
0.3271031183987558
0.3267183911952337
0.3271120092004149
0.3267268309287463
0.3271025304922039
0.3267184746280205
0.3271119566391541
0.326726318738142
0.3271020178274538
0.326718532153402
0.3271121783619625
0.3267254525870788
0.3271015871234734
0.3267186463971584
0.3271127895053433
0.3267239651222903
0.3271013085364979
0.3267189973493878
0.327113757647353
0.3267214976184041
0.327101381013631
0.3267199497617711
0.327114463786369
0.3267179567645874
0.3271022036106405
0.3267218062639964
0.327113457561126
0.3267144336394175
0.3271038924659812
0.3267240686130809
0.3271100795573607
0.3267128952784764
0.3271055927803097
0.3267256696085489
0.3271059290730053
0.3267135664453294
0.3271063980202318
0.3267264336282926
0.3271026443010263
0.3267149686201245
0.3271066993368813
0.3267264657427736
0.327100445730969
0.3267161422161076
0.3271064781827812
0.3267264704646745
0.3270990055453559
0.3267168959216488
0.3271061462018333
0.3267263863706094
0.3270979958441824
0.3267173378861229
0.3271058044456626
0.326726244099161
0.3270972350397983
0.3267175724874567
0.3271055077418072
0.3267260325191035
0.3270966144793101
0.3267176860632481
0.3271053131973321
0.3267257027037029
0.3270960792691514
0.3267177366830823
0.327105291293972
0.3267251690860753
0.3270956065258319
0.3267177784197307
0.327105535553854
0.326724282488027
0.3270952041134382
0.3267178988443692
0.3271061481310977
0.3267227818405123
0.3270949520920899
0.3267182737994752
0.3271070674757287
0.3267203374367713
0.3270950677668772
0.3267192342413291
0.3271076525347018
0.3267169229122958
0.3270959032965881
0.3267210432031782
0.327106538881425
0.3267136601685716
0.3270975140461878
0.3267231744032895
0.3271032555965268
0.3267123130999633
0.3270990796036857
0.326724666457429
0.3270993328171231
0.3267129730804907
0.3270998167426141
0.326725379404774
0.3270962172152642
0.3267143003651136
0.3271001209040752
0.326725381458889
0.3270941172805416
0.3267154100116706
0.3270999107804551
0.3267253819991238
0.3270927216564182
0.326716136825548
0.327099597039942
0.3267252939587911
