0.326659097018647
2.209841246136791
1.254547402803868
0.5342646129679898
0.7449771789693479
0.4508171478781325
0.6036141645872398
0.3353501451587242
0.5089447878610828
0.3326413633501561
0.4393610302049954
0.2728224150261123
0.3860452963849936
0.2750836822999622
0.3429523749155181
0.2360172414914298
0.30591892883736
0.2492340719494703
0.2748195952847851
0.2207325675757025
0.2480175112977751
0.2256382562367664
0.2228527575371295
0.2079992624953578
0.2036200720168874
0.2090802652857041
0.1898086688766938
0.1917343080145994
0.1958963239106781
0.1863042414401149
0.1820762628592831
0.1803801743685522
0.1761519357720469
0.1697780211071268
0.1720611012979565
0.1737659932963027
0.1628208156871538
0.1622570613720055
0.1632994102739379
0.1581569018284414
0.1527763298418447
0.1648132489601848
0.1440230912312343
0.1536709509194774
0.1520097148128069
0.1463753277558353
0.1444090740137854
0.1477548615282806
0.1380455007648179
0.1400765533768926
0.1363980347559315
0.1372615302666339
0.1323469868431071
0.1362080397057357
0.1345675427842342
0.1311567796262191
0.1282069706157394
0.1332905036830953
0.1259350430712957
0.1273436221336791
0.1251272363736686
0.1303979971467503
0.1193183639784139
0.1232413189282477
0.121322940813452
0.1271784350720586
0.1147848496567483
0.1209946029831072
0.116952116897049
0.1188893576186147
0.1125577750590398
0.1164281711782086
0.1134428414307382
0.1175340104193973
0.1105679838043539
0.1128457080865716
0.1081662531108355
0.115096222650674
0.1075396439404773
0.1102224202265818
0.1035875145811661
0.1122914565491732
0.1045495516325234
0.1077136074695564
0.09964964807402027
0.1095627370688542
0.1017089082914606
0.1052655938148376
0.09677424474376667
0.1066919643359672
0.1004197038844493
0.1022302907160987
0.09549378681367818
0.1041543694786259
0.09569140993574013
0.09994206978188058
0.09312027356679239
0.1020428743985897
0.092396385835147
0.09788357572991774
0.0908122664118291
0.09986758993715897
0.08937425235828739
0.09590560316533178
0.08873467072930083
0.0975119565016267
0.08670798469062918
0.09386616066549375
0.0869626581041571
0.09494116319127735
0.08446344306398212
0.09172407137081245
0.08544312153166972
0.09226124031955224
0.08257943840909221
0.08957035331791813
0.08400184519752796
0.08963924399651166
0.08101967573753777
0.08722152763152863
0.08237821024006753
0.08825851258520878
0.07942608553058342
0.0852988599878764
0.0798832149437208
0.08665691696224109
0.07768961046243505
0.08357146215823386
0.0776054045646537
0.08507823531308945
0.076007907803468
0.08186581602283011
0.07550927507085969
0.0835309202809385
0.07442815000517375
0.08024802627463662
0.07415248981695496
0.08223578491209527
0.07203069799267903
0.07901367396129311
0.07282597369665617
0.08054811481415253
0.07018446146660051
0.07755713889059646
0.07144760021662372
0.07880240898518226
0.06858048498392316
0.07606532490741197
0.07016953129750148
0.07705465580232451
0.06738499677609106
0.07450682489025168
0.06871725057589312
0.07555656255280213
0.06599422004642341
0.07311869201849053
0.06722692658517113
0.07407525776093143
0.06464135848179964
0.07176603695614597
0.06579817233231747
0.07267936298269567
0.06332305914916614
0.07045510886246964
0.06437463392793602
0.07136463558194001
0.06203860586489313
0.06917477924981946
0.06295440452718076
0.0701183274938369
0.06079368113793604
0.06790745934643788
0.06155572721638497
0.06892120468022289
0.05959714039347386
0.06663653456536905
0.06020437887682728
0.06775179578421914
0.05845549552687401
0.06535605432613922
0.0589248114829326
0.06659374478529634
0.05736600842267975
0.06411298110585556
0.05799779402483213
0.06543104811439127
0.0560721324225319
0.0630863327276881
0.05684348068092732
0.06413201267199714
0.0549367923496108
0.06196152670615468
0.0558644176381502
0.06287616857243339
0.05385950243161963
0.06088326858993887
0.05480760277394636
0.0616999881560899
0.05285357060511114
0.05979387512307971
0.05376446521602207
0.06044486914583125
0.05202881359823619
0.05871521915811295
0.05259077868749418
0.05925392343617658
0.05102581350630503
0.05771049448857229
0.05163378095478377
0.05827876680231303
0.05004542932928124
0.0567543644205219
0.05041631466731006
0.05736332193560456
0.04910508495718635
0.05576555904296382
0.04924938737059231
0.0564605510715957
0.04823388578054905
0.05472191702027146
0.04817474816458772
0.05553493505280777
0.04742997753169281
0.05367397150362041
0.04721456874867425
0.0545964020921586
0.04663348863117295
0.05267687912859587
0.04631076409132218
0.05368908107648523
0.04576104549629645
0.05177267285146958
0.04542773502746855
0.05281925985515296
0.0447931806960854
0.05095607066135421
0.04464162697411511
0.05179556250648809
0.04395811796835397
0.0500908201612304
0.04384482679383334
0.05089694801302658
0.04292852733454039
0.04926749407937964
0.0431317918327519
0.04991143868767761
0.0420408197553388
0.0484299097612893
0.04237961832167542
0.04898850309652719
0.04121201719883949
0.04761379701145918
0.04153804782080517
0.04815048162902191
0.04041223346290301
0.04680773897950741
0.04075697056856142
0.0471700241049865
0.03974895974885234
0.04598611606200859
0.03998541390836952
0.04634851437777815
0.03901537740781036
0.04509728912381727
0.03931328955975233
0.04550949985971459
0.03832727887821169
0.04414244147191865
0.03870341332908839
0.04442360239926774
0.03770639121781277
0.04335615910757012
0.03809258639017021
0.04351532626082005
0.03700253078140292
0.04261682045160065
0.03734891830584741
0.04273839744824393
0.03628464773673529
0.04190908386514031
0.03652675732519134
0.04205439466467958
0.03556784512743161
0.04119699915024699
0.03566589817558935
0.0414146424352016
0.0348857399674059
0.04043273917132006
0.03483274729770769
0.04075897600873202
0.03426424319183485
0.03962894880611784
0.0342149188335707
0.03989253308146656
0.03372104407044429
0.03856842621455242
0.03348698079004536
0.03914737927896644
0.03316458458856258
0.03780753729097741
0.03285768640637682
0.03844477317888118
0.0324918203118188
0.03713483977847282
0.03226604802505195
0.03774828791650098
0.03195775273782298
0.03652066219878908
0.03163140841241946
0.03700853167016632
0.0313963739265104
0.03586031171347148
0.03106523711831494
0.03615073240955263
0.03067664586916702
0.03517432316404506
0.03064707182039123
0.03532658100976033
0.0300687839434628
0.0345219601118032
0.0300966555657996
0.03459508588717525
0.02946860870649048
0.03389920080641423
0.02947071462453199
0.0339461478703767
0.0288616210634482
0.03329676833120804
0.02879310592683593
0.03335928134750488
0.02825651458838446
0.03269201157578716
0.02809426476152033
0.0328032803734119
0.02767184194629357
0.03206030162460088
0.02741119599332215
0.03224495266269806
0.02712008315076408
0.03139951494389848
0.02677112435558021
0.03166983265159073
0.02658999061637474
0.03073840342612305
0.02617194548844171
0.03108800595078814
0.02605108805306322
0.03010727939933933
0.02559850432232241
0.03046430985053605
0.02546901642428717
0.02937020801929213
0.02506595924168109
0.02987803559723012
0.02500796846871284
0.02887212443925585
0.02452772423036065
0.0292775361406295
0.02438024490379459
0.02834549251500823
0.02401176655849052
0.02865709912685183
0.0237897981350067
0.02780548363583335
0.02350589145568077
0.02804457720856163
0.0232297835479825
0.02726144281292586
0.02298378081184843
0.02746386099659059
0.02268724678461276
0.02671890534457566
0.02243916703573284
0.02691636020896199
0.02215641765176274
0.02617500555664154
0.02188196521876007
0.02639143460725885
0.02163782925528135
0.02562557432092055
0.02138721647172753
0.0257900118649842
0.02120198279909158
0.02496554979152643
0.02091694925903764
0.02522992756302378
0.02071880380064761
0.02432951227212699
0.0204143627699741
0.02470002534239957
0.02024198151751605
0.0237692104162498
0.01992959786038001
0.02417923755018314
0.01977250865136787
0.02325384600289693
0.01944701355521483
0.02365327122408117
0.01930723458978334
0.02274837838033272
0.01894962818379581
0.02311964190587029
0.01884314234902423
0.02224125680679345
0.01847183143623321
0.02259002455175335
0.01828733131834698
0.02175426254579799
0.01808816553361758
0.02199143744606097
0.01780067085035991
0.02126679182629093
0.01765157969034314
0.02144871068486498
0.01732798106743511
0.02078770665423024
0.01717495035930738
0.0209523234670595
0.01685869494432307
0.02031321887637766
0.01667270825830519
0.02048824299641405
0.01639547957634263
0.01983388739896785
0.01616276716377663
0.02003958593533051
0.01594400030527038
0.01934345679390204
0.01566197341066095
0.01959252550239232
0.01550490787885311
0.018846255379808
0.0151792780729465
0.01914202782012964
0.01507055936378421
0.01835464815503274
0.01476077694897998
0.01861435830115843
0.01467013295764785
0.01780087296518268
0.01432485631602365
0.01814786872860363
0.01424681163835001
0.01729471922109094
0.01389415523209531
0.0176933796148751
0.01382924569380456
0.01682998596103746
0.01346964328901862
0.01723808807112714
0.01341491610602374
0.0163815247193958
0.0130434307307854
0.01679724385104259
0.01292755977928084
0.01597324172650511
0.01267136580495137
0.01627386734595926
0.01247750608720893
0.01554404299663797
0.01229622787844847
0.01577572231297342
0.01205117023187552
0.01511628490707279
0.0118888582496991
0.01531724259975803
0.01163164789199594
0.014692792385812
0.01145568209826875
0.01489006494934725
0.01121632701672953
0.01426851267411511
0.01100971679264989
0.01448175879861835
0.01080821190257103
0.01383784739661492
0.01056442684731052
0.01408038678903406
0.01040932543157397
0.01340053025785826
0.01012948714008616
0.01367875210021552
0.01001680412349792
0.01296307027513438
0.009736410484596225
0.01322230327668861
0.009665203398635858
0.01246882993561838
0.009349691887212852
0.01280186084142299
0.00928582991536292
0.01200880171181512
0.008960731578531611
0.0123943263439546
0.008907602889227872
0.0115846865528989
0.008577589778662631
0.01198814068015214
0.008531064822218215
0.01117835221186503
0.00819321342447521
0.01159931500650191
0.008100422573371735
0.01081304978023534
0.007846352831415326
0.01114045309679873
0.007690514869355902
0.01043026840833672
0.007502234014435616
0.01069516395727765
0.007302057679135165
0.01004548934030891
0.007136586753725638
0.01027933991163343
0.006921653976556585
0.009662804213045717
0.006750793626382756
0.009888873624941175
0.006545611869536061
0.00927964751569732
0.00635384721237392
0.00951492637728546
0.006175083122484271
0.008892437766210903
0.005955659012299663
0.009148573624540191
0.005811251794574035
0.008500682461875297
0.005563802344133395
0.008783764583035425
0.00545250361801225
0.008108233583431768
0.005199565019532171
0.008378341288407753
0.005132644820308951
0.007665228474882602
0.004851677724857173
0.007996470086443885
0.004788962220082404
0.007248083910658454
0.004498171429363207
0.007626744552384324
0.004443808382888326
0.006860283782697263
0.004148711147607176
0.007259142403517882
0.004098868265388578
0.006488902283950548
0.003798074395067519
0.006890341449885706
0.003754694432967887
0.006123552489204431
0.00346032022530196
0.006525097603875485
0.00336056950080782
0.005788942353237347
0.003148718662928873
0.006111803950408279
0.002994914675428895
0.005442178558220323
0.00283224075656402
0.005714760937026886
0.002644817445174863
0.005094474163885143
0.002497638160138649
0.005341978341548759
0.00230071789254277
0.004748065813810931
0.002147457567533706
0.00498938022227835
0.001960280015594895
0.004400841636259645
0.001789019922059154
0.004649848209854701
0.001624357042895985
0.004050316884598171
0.001429994252222344
0.004316493517934061
0.001293611642729953
0.003696414612068433
0.001076058546269021
0.003984728114725167
0.0009667470288266533
0.003342022226077823
0.000729571279407093
0.003652768738429624
0.0006408548499490796
0.002991237046328088
0.0004068305977644182
0.00328376074896769
0.0003441393668522919
0.00260174445745387
9.030230139989159e-05
0.002942474022290087
3.18657798829558e-05
0.002234098597441503
-0.0002287306597285599
0.002608989038828669
-0.0002824515974307329
0.001886871413512181
-0.0005460941650071716
0.002276809380450662
-0.0005969052309622302
0.001551607171038527
-0.0008471845011593926
0.001941136736228588
-0.00094838889150195
0.001230614441725064
-0.001129774093817149
0.00157702283394201
-0.001274885945268922
0.0009107434417699456
-0.001432165477932346
0.00123256920607423
-0.001593101646700179
0.0005938497941573306
-0.001751645625216292
0.0009054519096245439
-0.001906254778536953
0.0002775432596787697
-0.002081348806725558
0.0005901311042926238
-0.002214176689483649
-4.125074688432484e-05
-0.002413573414227044
0.0002807934426830583
-0.002516589974089045
-0.0003635940872823151
-0.002742196008136577
-2.661035447137916e-05
-0.00281500290508091
-0.0006876211004948618
-0.003051157412532091
-0.0003791256754941963
-0.003081198384638439
-0.00102155191530684
-0.003340723328817075
-0.0006999420722266225
-0.00337554861795375
-0.001344442260394652
-0.003643077365691028
-0.0009772286420292597
-0.003725776929463132
-0.001634360130719159
-0.003923948872142091
-0.001310899459663561
-0.004043824628061132
-0.001929882014510331
-0.00421041148650203
-0.00163634766998888
-0.004350862108830122
-0.002227802921244415
-0.004502140100990648
-0.001952188565354951
-0.004651508242595359
-0.002526738923432137
-0.00479953634746455
-0.002258326951761203
-0.004947725474621245
-0.002826608240168837
-0.005100445677947596
-0.002556987781875075
-0.005240303509179256
-0.003127518991293821
-0.00540189454788198
-0.002850916989378727
-0.005529819624017662
-0.003428946973653424
-0.005701441146536257
-0.003142292042377148
-0.005817163355457178
-0.003729645610264398
-0.005978874087634922
-0.003468089805639007
-0.006075894365601298
-0.004066580078613102
-0.006250573305897789
-0.003768209181848337
-0.006346772089772912
-0.004385904946530017
-0.006507675493369502
-0.004072099378012284
-0.006648398836875291
-0.004685227130606484
-0.006721798702649495
-0.004419186775201978
-0.00693042101627811
-0.004970389982319467
-0.006984071175956452
-0.004730371095863717
-0.007208850116427967
-0.00524944442815084
-0.0072693693503596
-0.005020245435040149
-0.007485342621551649
-0.005526983645374572
-0.007567376744961385
-0.005297124331409608
-0.007758010368500046
-0.005807791465657186
-0.007868465048055995
-0.005568486068131484
-0.008025240459311245
-0.006093970132454218
-0.008165446385333341
-0.005839179685427964
-0.008287934452678558
-0.006383730720097014
-0.008454899371132474
-0.00611073821177327
-0.008549359204963414
-0.006673076245910736
-0.008736818811387048
-0.006382714003779266
-0.008813027584846866
-0.006958434602958086
-0.009012660723071608
-0.006654523792217537
-0.009080671446279442
-0.007238247018594768
-0.009283828896102686
-0.006926219573354209
-0.009351865212546717
-0.007512790735065611
-0.0095512348874362
-0.007198168756898715
-0.009624848227802962
-0.00778330361541868
-0.009815588057201396
-0.007470472008320128
-0.009897606895249544
-0.008051140736381079
-0.01007772558945152
-0.007742643026374396
-0.0101685603364095
-0.008317307326817347
-0.01033862858229201
-0.008013813968106076
-0.01043684498792996
-0.008582361407728389
-0.01059703083157637
-0.008315190224706337
-0.0106741290416979
-0.008857437191299833
-0.01084638749417088
-0.008589704727641645
-0.01092545773272763
-0.009132021953046354
-0.0110984812090919
-0.00885789202075199
-0.01117799131217634
-0.009404738537329094
-0.01134895612855186
-0.009111977885588374
-0.01144870773380946
-0.009671615402851996
-0.01160362387637148
-0.009393224698956482
-0.01169487130412006
-0.009932647996491129
-0.0118622284540712
-0.009655757701986234
-0.01194177594660994
-0.01019364377572551
-0.01211344728008035
-0.009915502069712978
-0.0121891726367146
-0.01045675694476245
-0.01236123602011258
-0.01017483220370213
-0.01243624578109831
-0.01071343836365318
-0.01261189457125883
-0.01042387732573036
-0.01270258409687969
-0.01097635357392179
-0.01285776580229436
-0.01067622224777359
-0.01295320090849811
-0.01123209367081646
-0.01309416981498274
-0.01092700196468388
-0.01321962047433234
-0.01147937286800466
-0.01331691479453767
-0.01119972879105097
-0.01347146893103746
-0.01172536397016083
-0.01355637936735143
-0.01145858988905296
-0.01371755469101377
-0.01197116920103775
-0.01380416528247175
-0.0117087224003441
-0.01395979127190317
-0.01221782446985537
-0.01405578209008918
-0.0119534518631777
-0.0141987251184581
-0.01246590228377265
-0.01430749177386698
-0.01219541298625076
-0.01443514983789324
-0.01271489201810139
-0.01455688526821747
-0.01243615399717801
-0.01467035044050075
-0.01296347491133393
-0.01480145935475624
-0.01270263568473773
-0.01488333552859455
-0.01321897721330517
-0.01502933230812664
-0.01295374877936672
-0.01511181414971019
-0.01346634733415808
-0.01526397697945747
-0.01318715906214291
-0.01535871198493788
-0.01371061978993904
-0.0154981579354147
-0.01341305120626224
-0.01561547118975093
-0.01393360195084004
-0.0157190515261838
-0.01367165666255576
-0.01586267530552704
-0.01416185389980518
-0.01593991004556949
-0.01392659020445897
-0.01610193332014587
-0.01439284650576134
-0.01616571489672491
-0.01417322206089883
-0.01633634221621594
-0.01462525745981758
-0.01639659946945859
-0.01441213529390584
-0.0165675555932111
-0.01485884555957245
-0.01663042042481333
-0.0146456120096497
-0.01679629598688287
-0.01509344148202069
-0.0168648370972343
-0.01487585707032474
-0.01702310891351488
-0.01532845371536851
-0.01709815724361646
-0.01510443065581835
-0.01724866214104492
-0.01556294978993689
-0.01732950731229632
-0.01533221343745544
-0.01747362808490655
-0.015796042978377
-0.01755864729502293
-0.01555961394262706
-0.01769844612217358
-0.01602717427708356
-0.01777815343875955
-0.01580776186622684
-0.01790488598434148
-0.0162814328542209
-0.01799190574796261
-0.01603909327484521
-0.01811734581410457
-0.01652617596331618
-0.01820915346177582
-0.01626564094392419
-0.01833283468895097
-0.01675365825761466
-0.01842260589688915
-0.01649271908784494
-0.01856822993016072
-0.01697678445711676
-0.0186126336254695
-0.01674315659337727
-0.01879219356542583
-0.01719640394348909
-0.01882444615408857
-0.01697581832400846
-0.01901144843980196
-0.01741551243974837
-0.01904629372516642
-0.01719905754405937
-0.0192274874848552
-0.01763565672473466
-0.01927223037199932
-0.0174172051675423
-0.01944065226564179
-0.01785749122954489
-0.01949823126730416
-0.01763307430347999
-0.01965164340434888
-0.01808044987602353
-0.01972197772376533
-0.01784814225901837
-0.01986169866920257
-0.01830319040864054
-0.01994260325876063
-0.01806294801557784
-0.0200720528812614
-0.01852443203748055
-0.02016014195570814
-0.0182776291794311
-0.02028338560107873
-0.01874346371239294
-0.0203749725406091
-0.01849222496531205
-0.02049567590622581
-0.01896020733625969
-0.0205875611967542
-0.01870672840439785
-0.02070843670552464
-0.01917494993950525
-0.02079560990005419
-0.01894534957465743
-0.02090030202740362
-0.01939617431183399
-0.02099973592210824
-0.01916599245665568
-0.02110272078341346
-0.01961464141122632
-0.02120519512965618
-0.01938138563369163
-0.02130672812909845
-0.0198324123384509
-0.02141062382338121
-0.01959454922343556
-0.02151078055444167
-0.02004596971913758
-0.02161627132968535
-0.01979923316463389
-0.02172730508260706
-0.02026067111392554
-0.02181341164319678
-0.0200022085325427
-0.02194934764515888
-0.02046547693821493
-0.02200241029706618
-0.0202237727621305
-0.02215983287152246
-0.02067019420408128
-0.02220324211453373
-0.02043616720083685
-0.02236535047310212
-0.0208755388236242
-0.02240816462056194
-0.02064399869802591
-0.02256798208409866
-0.02108146703907776
-0.02261456560135461
-0.02084899276080293
-0.02276857776668251
-0.02128776914977698
-0.02282076137041295
-0.02105228882048032
-0.02296785387928835
-0.02149397246111151
-0.02302574738182039
-0.02125458251217294
-0.02316647095128566
-0.02169949267171184
-0.02322905839934897
-0.02145624900895943
-0.02336491214541958
-0.02190387308192415
-0.02343060623018933
-0.02165746723821127
-0.02356338205371916
-0.02210687508056264
-0.02362496434373829
-0.02188375922327018
-0.02374389426191637
-0.02231574239690981
-0.02381629050871198
-0.02209210654253102
-0.02393401338989981
-0.02251707717457646
-0.02401280611824524
-0.02228743724499122
-0.02413789060907717
-0.02271860323026254
-0.02420844796800176
-0.02248473678236673
-0.02433513890067412
-0.02291868680859294
-0.02440179009284132
-0.02267282816033001
-0.02454417873006076
-0.02310351184992021
-0.02458266271718723
-0.02288991019404124
-0.02474670060695816
-0.02329309220219833
-0.02476483410700253
-0.02310158164234694
-0.02494358550315717
-0.02348478533982096
-0.02495280059444122
-0.02330471577603571
-0.02513720825243099
-0.02367784716781907
-0.02514522677087788
-0.02350151491021096
-0.02532859060032638
-0.02387213527078658
-0.02533960930077245
-0.02369456323584923
-0.02551826015875258
-0.02406724946626554
-0.02553401529188304
-0.02388566837233752
-0.02570673698195769
-0.02426249405446979
-0.02572735967872652
-0.02407587473788159
-0.02589456533985923
-0.02445710868026602
-0.02591920549210014
-0.02426570079597584
-0.02608216655277784
-0.02465052294434394
-0.02610949348319735
-0.02445535233203794
-0.02626972433291963
-0.02484250712529518
-0.02629835557684485
-0.02464485308538933
-0.02645718797136576
-0.0250330799364803
-0.02648597731571639
-0.02483413108108873
-0.0266443836426063
-0.02522240566730888
-0.02667254929185997
-0.02502303917437526
-0.0268311004344815
-0.02541070265742246
-0.02685805422011672
-0.02522278072334622
-0.02700363610139433
-0.02561665998555757
-0.02703458507141976
-0.02541340535776154
-0.02717963127086037
-0.02581642495573028
-0.02721401147535929
-0.02560047349335981
-0.02735790081907036
-0.02600669909749248
-0.02739142452381443
-0.02578380604247038
-0.02755088301968245
-0.02619035500634298
-0.02755035821023427
-0.0259897174716478
-0.02773636131022111
-0.0263718539055332
-0.02772575396088733
-0.02618122380689569
-0.02791809575547616
-0.02655351274634404
-0.02790892350117657
-0.02636566790758837
-0.02809716716916277
-0.0267363035999123
-0.02809472729926787
-0.02654674303752569
-0.02827420592968838
-0.02692021459207489
-0.02828034257324108
-0.02672637102395931
-0.02845000266887854
-0.02710455236339099
-0.02846439672330037
-0.02690545514828752
-0.02862544256853128
-0.02728840961671986
-0.02864644218346996
-0.02708434089577344
-0.0288011755740048
-0.02747112548054631
-0.02882653137615354
-0.02726313120432655
-0.02897742755200078
-0.02765242531540174
-0.02900491052046161
-0.02744183893580687
-0.02915407466018316
-0.02783233163398668
-0.029181870201819
-0.02762040575483699
-0.02933080366932828
-0.02801104252545722
-0.02935771258289405
-0.02779870901679848
-0.02950726873576137
-0.02818877554746474
-0.02953269447772494
-0.02797659118149631
-0.02968319412487591
-0.02836572625153388
-0.02970702560613248
-0.0281539024178869
-0.0298584043218475
-0.02854202129011901
-0.02987966887962434
-0.0283489722876909
-0.03001827366751225
-0.02872377921108554
-0.03004744379273755
-0.02853222878562839
-0.03018490803513801
-0.02890304687170603
-0.03021682124421438
-0.02871052321278172
-0.03035290105370769
-0.02908071234292742
-0.03038656594735573
-0.02888077685260843
-0.03053068099903372
-0.02925745430771187
-0.03055701924243864
-0.02905248393770421
-0.03070371830586566
-0.02943224519594778
-0.03072622752863663
-0.02923524973292296
-0.03086856385132136
-0.02960506668662249
-0.03089718627065652
-0.02941083844430359
-0.03103408007070035
-0.02977798250389702
-0.03106579481196847
-0.02958404015788152
-0.03119994009814581
-0.02995074698052091
-0.03123290618722629
-0.02975176176144356
-0.03137603578606424
-0.03012382996105167
-0.03139985237486254
-0.0299284148370032
-0.03153931733459853
-0.03029445238135309
-0.03156731055843348
-0.0301005232278555
-0.03170297568602332
-0.03046464851245317
-0.03173294947841837
-0.03026680637851847
-0.03187711569601337
-0.03063530911973977
-0.03189808146105172
-0.030441749165875
-0.03203865147884277
-0.03080402749496836
-0.03206345190100635
-0.03061213797743462
-0.03220052971084297
-0.03097185502201033
-0.03222781576294109
-0.03077664076366537
-0.03237263974584775
-0.03114084583344928
-0.03239129697288495
-0.03094152937025929
-0.03253892680998011
-0.03130792326222553
-0.03255514159018374
-0.03110696031922972
-0.03270216156429701
-0.03147392377123914
-0.03271574533676619
-0.03126746352430565
-0.03287596457178088
-0.03162973896564109
-0.03286580212307444
-0.03145126682549843
-0.03304401806326035
-0.03178933724991212
-0.03301899019950949
-0.03162802585069552
-0.0332083934587849
-0.03195045736229496
-0.03317772795257024
-0.03179713557924146
-0.03337057574135899
-0.03211288041418248
-0.03333981351191723
-0.03196153053034051
-0.03353114044305988
-0.03227637564648556
-0.03350299684204994
-0.03212348293722289
-0.03369054175910086
-0.03244040521882785
-0.03366593353349429
-0.03228428694969782
-0.0338492371328753
-0.03260432077239883
-0.03382799228469707
-0.03244459885916612
-0.03400761014086834
-0.03276760789621908
-0.03398897844691234
-0.03260470033453872
-0.03416587296411944
-0.03292998461162971
-0.03414891300543027
-0.03276467807435351
-0.03432406537574983
-0.03309137297395165
-0.0343078974490138
-0.03292451353596859
-0.03448211277079372
-0.03325183518516661
-0.03446606055504231
-0.0330841295052024
-0.03463989403409401
-0.03341149385058378
-0.03462352494261256
-0.03324342299849409
-0.03479728945368504
-0.03357046740990027
-0.03478038926107069
-0.0334023029036048
-0.03495421311215235
-0.0337288465634531
-0.03493671994334685
-0.03356069747771995
-0.03511061330812465
-0.03388669718803627
-0.03509255954137497
-0.03371856235276138
-0.0352664656623462
-0.03404405068053973
-0.03524792380714947
-0.0338758797015089
-0.0354217688546562
-0.03420092493387428
-0.03540281632283782
-0.0340326411315674
-0.03557652713120935
-0.03435732076374381
-0.03555723255457699
-0.0341888619942865
-0.03573075766819522
-0.03451323213121166
-0.03571116347806302
-0.03434455181771129
-0.03588447211375256
-0.03466865225289045
-0.03586386278172232
-0.03450980355326971
-0.0360278754234451
-0.03483750394635121
-0.03601010809951832
-0.03466700953505608
-0.03617337712225271
-0.03500172318433464
-0.03615857387989174
-0.03482161589662452
-0.03632074473638403
-0.03515635409483941
-0.03630891656348684
-0.03497193725044195
-0.03647886939984252
-0.03530802662168492
-0.03644142734203293
-0.03514217181763629
-0.03663232854471188
-0.03545826092875592
-0.03658653468795892
-0.0353004908273537
-0.0367830461844576
-0.03560890339712774
-0.03673796857933248
-0.03545313729485777
-0.03693159859542372
-0.03576066870553229
-0.03689128357609861
-0.03560342114508741
-0.03707869221407273
-0.03591320912044188
-0.03704433610980185
-0.03575279246747043
-0.03722508938139485
-0.03606584132331248
-0.03719626305533641
-0.03590184008597208
-0.03737140506643843
-0.03621796401552763
-0.03734684629755375
-0.03605077587217626
-0.03751796217309039
-0.03636923661084773
-0.03749615397685196
-0.0361996537496535
-0.03766480003098349
-0.03651958103090858
-0.03764436730446002
-0.03634844776525753
-0.03781177690919035
-0.03666906199798586
-0.03779168278855272
-0.03649708350022951
-0.03795869015247189
-0.03681780773677734
-0.03793828742971139
-0.03664546903872473
-0.03810535605295251
-0.03696593416527932
-0.03808432336068174
-0.0367935135057687
-0.0382516410729869
-0.03711353845830567
-0.03822989434141394
-0.03694114181504865
-0.03839746243537412
-0.0372606820793861
-0.03837505747264985
-0.03708831021444547
-0.03854278496716368
-0.03740739257077313
-0.03851983016284982
-0.03723500241937361
-0.03868760691329115
-0.03755368725388952
-0.03866421698455857
-0.03738121094681346
-0.03883193427271847
-0.03769956718918466
-0.03880820738989599
-0.03752694575686927
-0.03897578620774339
-0.03784502495749809
-0.03895178589908682
-0.03767221789049918
-0.0391191813780058
-0.0379900608466095
-0.03909487530271183
-0.03783064881483233
-0.03925168852985483
-0.03813917675644696
-0.0392332603066044
-0.03798153205179711
-0.03938882525460774
-0.03828597378590348
-0.03937298986327209
-0.03812854728420972
-0.03952704525537476
-0.0384325031428791
-0.03951305495181767
-0.03827357417222099
-0.03966568329376552
-0.03857771750353989
-0.03965329778630311
-0.0384132801040955
-0.03981080056623476
-0.03872280368677461
-0.03979350936959269
-0.03855944781170212
-0.03994794016567316
-0.03886558006405999
-0.03993452131673808
-0.03870303788948315
-0.04008541699007934
-0.03900867296022831
-0.04007426896612765
-0.03884553633465038
-0.04022300514161409
-0.03915066614640089
-0.04021379503075095
-0.03898384745803835
-0.04036724565188082
-0.03929398618354335
-0.04035224144783073
-0.03912801457744863
-0.04050283217938178
-0.03943489128401756
-0.04049138290465581
-0.0392698037987313
-0.04063868678711446
-0.03957637784228984
-0.04062839412605945
-0.03940722701738575
-0.04078160349957893
-0.03971656646933619
-0.04076571724937089
-0.03953703772906475
-0.04092710354787327
-0.03985393538636584
-0.0408977466689745
-0.03967941651259843
-0.0410670021549922
-0.03999266555934722
-0.0410344865794442
-0.03981827077062167
-0.04120428295287137
-0.04013179579120457
-0.04117153120651945
-0.03995641320982429
-0.0413409293242889
-0.04027042476774068
-0.04130803582371112
-0.04009434707141962
-0.04147741039622727
-0.0404084020238149
-0.04144394329536438
-0.0402320988453303
-0.04161367915666958
-0.04054581770357923
-0.04157936534912909
-0.04036958124353585
-0.04174960630631364
-0.04068277116999003
-0.0417144024978125
-0.04050671358647795
-0.04188510985113858
-0.0408193377327094
-0.04184912013186048
-0.0406434330643749
-0.04202014534511284
-0.04095555142562701
-0.04198257675115136
-0.04079324954394448
-0.04214528223992081
-0.04109263992725787
-0.04211270911639703
-0.04092523046823643
-0.04228613158849548
-0.04122051703265561
-0.04223212366150386
-0.0410813694074888
-0.04242194964501433
-0.04135202060271831
-0.04235565414087394
-0.04122854624783712
-0.04255590338882931
-0.0414841739590649
-0.04248566985818814
-0.04136731497937479
-0.04268865204208588
-0.04161749248655644
-0.04261891192214046
-0.04150186679114587
-0.0428202625344794
-0.04175185359533412
-0.0427529863943254
-0.04163462551726194
-0.04295107908735846
-0.04188665404544401
-0.0428867723566182
-0.041766687323959
-0.04308149055536753
-0.04202131065045578
-0.04301985812828452
-0.04189851243201193
-0.04321176805234267
-0.0421554498898023
-0.04315215910185877
-0.04203026510583546
-0.04334202256113628
-0.04228891273836521
-0.04328372038646916
-0.04216197066465988
-0.04347224511087067
-0.04242169470832036
-0.04341463375261279
-0.04229358901744346
-0.04360236393088934
-0.04255385154399915
-0.04354498901372161
-0.04242505816962489
-0.04373229810181373
-0.04268546924223499
-0.04367486704521623
-0.04255630341476929
-0.04386197266948882
-0.04281662404406272
-0.04380432890693414
-0.04268726573488996
-0.04399133628246632
-0.04294736984808273
-0.04393341480076202
-0.04281790608846492
-0.04412035946277709
-0.04307774022358263
-0.04406214717424062
-0.0429481990240787
-0.04424902780629919
-0.04320775887718126
-0.04419053996175926
-0.04307813361052704
-0.04437733675468247
-0.04333743368094328
-0.04431859601335053
-0.04320770512484051
-0.04450528666774511
-0.04346676688040818
-0.04444631522161629
-0.04333691765438547
-0.04463288332130433
-0.04359576292503259
-0.04457369930014976
-0.04346577261407242
-0.04476012856295286
-0.04372441543288424
-0.04470074396444956
-0.04359427800714072
-0.04488703050187509
-0.04385272884622959
-0.04482745160968798
-0.04372243511962803
-0.04501358962919216
-0.043980698965849
-0.04495382043201512
-0.04385024981736746
-0.04513981077952123
-0.04410832624863142
-0.04507985169698009
-0.04397772520437376
-0.04526569635438887
-0.04423561457348973
-0.04520554834955448
-0.04410486112953776
-0.04539124762558688
-0.04436256771059482
-0.04533091339743361
-0.04423165941310114
-0.0455164650326364
-0.04448918079666286
-0.04545594442303075
-0.0443581244349856
-0.04564135345119785
-0.04461546292616742
-0.04558064727525624
-0.04448425273049134
-0.04576591037157129
-0.04474141185015362
-0.04570502199732429
-0.04461005061449119
-0.04589014050807377
-0.04486703000149178
-0.04582907025203431
-0.04473551855882896
-0.04601404566045325
-0.04499232038312961
-0.04595279368951627
-0.04486065635761965
-0.04613762565848195
-0.04511728208509086
-0.04607619352297232
-0.04498546957801303
-0.04626088523560001
-0.04524192010613437
-0.04619927251545231
-0.0451099560796755
-0.04638382304071687
-0.04536623285660207
-0.04632203127098206
-0.04523412205266064
-0.04650644301589962
-0.04549022011074355
-0.04644447026990423
-0.04535796781575158
-0.04662874694422614
-0.04561389003901195
-0.04656659456673828
-0.04548149056201756
-0.04675073355153436
-0.04573724228187015
-0.04668840467291019
-0.04560469584108851
-0.04687240606957543
-0.04586027400719705
-0.04680990058828538
-0.04572758775490321
-0.04699376726781029
-0.04598298884542673
-0.04693108502704962
-0.04585016536217906
-0.04711481766313519
-0.04610539031215122
-0.0470519594387811
-0.04597242647784527
-0.04723555781697769
-0.04622748377295594
-0.04717130431942002
-0.04610306581912843
-0.04734947918953608
-0.04635884816529767
-0.04728704899718678
-0.04622631412206946
-0.04746448834090367
-0.04648710796008387
-0.04740421544569573
-0.04634803957418393
-0.04758076832463431
-0.04661150641337236
-0.04752161847553971
-0.04647755417303867
-0.04769578394837726
-0.04673162349089022
-0.04764222133641349
-0.04659158121579493
-0.04781591364738713
-0.04685279973648249
-0.04774958497780679
-0.04672016063509543
-0.04793636841194504
-0.04697190207192581
-0.04786778938419245
-0.04684055699328094
-0.04805423487361332
-0.04709236878268752
-0.04798773702874409
-0.04695936213676011
-0.04817100712379446
-0.04721308100714339
-0.04810730191897278
-0.04707787697898019
-0.04828769211176598
-0.0473333408604904
-0.04822609429845515
-0.04719636328968635
-0.0484045551576256
-0.04745297955183514
-0.04834415466638364
-0.04731483469553266
-0.04852153813477095
-0.04757203965135853
-0.04846161372311653
-0.04743323168700475
-0.04863850485921728
-0.04769062068985702
-0.04857860254587892
-0.04755147475090049
-0.0487553275973383
-0.04780880554954181
-0.04869521626180134
-0.04766950240444473
-0.04887192431884924
-0.04792665056424827
-0.0488115144353537
-0.04778727202221189
-0.04898824760031611
-0.04804419100271418
-0.04892752985951371
-0.04790475880965872
-0.04910427608646756
-0.04816144542239859
-0.04904327707847173
-0.04802195232146322
-0.04922000333030363
-0.04827842162100238
-0.04915875967000916
-0.04813885012287938
-0.04933543098506671
-0.04839512200165191
-0.04927397606479228
-0.04825545253062469
-0.04945056344043447
-0.04851154847539674
-0.04938892447794996
-0.04837176208116245
-0.04956540560364953
-0.04862769839254893
-0.04950360113738683
-0.04848778536961007
-0.04967996461657237
-0.04874356843143079
-0.0496180023081591
-0.04860352694727238
-0.0497942458050909
-0.04885916163433413
-0.04973212972120267
-0.04871898531428731
-0.04990824843748592
-0.04897447784389847
-0.04984598311016641
-0.04883416498595156
-0.05002197679531156
-0.04908951572949038
-0.04995956153311565
-0.04894906896627405
-0.05013543356492289
-0.04920427761345691
-0.05007286768577118
-0.04906369809169836
-0.05024861936998992
-0.0493187648217186
-0.05018590287623803
-0.04917805368040912
-0.05036153501284601
-0.04943297749515352
-0.05029866771070696
-0.04929213654257381
-0.05047418158531347
-0.04954691810476597
-0.05041116415432312
-0.04940594846419982
-0.05058656055470473
-0.04966058628838149
-0.0505233926082424
-0.04951949189385707
-0.05069867436154718
-0.0497739864572499
-0.05063535676926989
-0.04963276384224552
-0.05081052020027782
-0.04988711889724395
-0.05074705700683169
-0.04974576868446856
-0.05092210271230141
-0.04999998487897356
-0.05085760697296082
-0.04986940101844611
-0.05102654409907298
-0.0501156841985172
-0.05096601338313606
-0.04998660221290685
-0.05113370364514463
-0.05022948632828106
-0.05107572907161245
-0.05009758698535183
-0.05124468102414065
-0.05034057955047472
-0.05118852499802873
-0.05020868797580752
-0.05135465641627046
-0.0504520003002728
-0.05129710521396208
-0.05031688163029324
-0.05146973736839477
-0.05055855692457206
-0.05139966932794782
-0.05043845200610492
-0.05158231832592436
-0.05066669656519307
-0.05150540091975425
-0.05055477759575505
-0.05169344867676096
-0.0507759304318996
-0.05161362672866904
-0.05066752764476173
-0.05180342767869983
-0.05088606538876567
-0.0517228956456976
-0.05077851467704736
-0.05191260722717161
-0.05099663178896613
-0.051832354030732
-0.05088869673100155
-0.05202132111159707
-0.05110720748283271
-0.051941627899669
-0.05099850229327885
-0.05212977608969821
-0.05121755262238253
-0.05205058625109332
-0.05110809619673529
-0.05223805626134709
-0.05132757367718105
-0.05215920209916414
-0.05121752215364833
-0.05234617398403296
-0.05143725761856927
-0.05226749101709072
-0.05132677963267496
-0.05245411456751103
-0.0515466185150984
-0.05237547543388188
-0.0514358491864319
-0.05256185764478344
-0.05165568364737794
-0.05248317877010539
-0.05154470685172147
-0.05266938303828839
-0.05176447449011251
-0.0525906180225566
-0.05165333747873768
-0.05277667894955235
-0.05187300225650499
-0.05269780314616851
-0.05176173563117287
-0.05288374086555792
-0.051981277473583
-0.05280474064164903
-0.05186989100305939
-0.05299056341820674
-0.05208930747230511
-0.05291143569960721
-0.05197780412004499
-0.05309714661616921
-0.05219709168717701
-0.0530178889778849
-0.05208547716246148
-0.05320349146462827
-0.0523046313057261
-0.05312410207355933
-0.05219290946440192
-0.05330959809056324
-0.05241192966974617
-0.05323007642511191
-0.05230009935100793
-0.05341546660774371
-0.05251898892990259
-0.05333581475306265
-0.05240705123947248
-0.05352109896777907
-0.05262580685047369
-0.05344131552199344
-0.05251376394064311
-0.05362649642043638
-0.05273239062339452
-0.05354658325966405
-0.05262023746651318
-0.05373165780986744
-0.05283873402372874
-0.05365161567023513
-0.05272647780784839
-0.05383658774701916
-0.0529448426575268
-0.05375641562058631
-0.0528324799220144
-0.05394128383698182
-0.05305071747090834
-0.05386098361492825
-0.052938246571887
-0.05404574859525491
-0.05315635834732979
-0.05396532081803651
-0.05304378208018068
-0.05414998390675546
-0.05326176477110428
-0.05406942776128465
-0.05314908575285415
-0.05425398985868879
-0.05336693997484515
-0.05417330580875673
-0.05325415647933524
-0.05435776702634881
-0.05347188488635279
-0.05427695659502157
-0.05335899854427661
-0.05446131726937065
-0.05357659783750529
-0.05438037963556364
-0.05346361237384339
-0.0545646416420914
-0.05368108316695125
-0.05448357726901754
-0.05356799572329835
-0.05466773972612071
-0.05378534178041477
-0.05458655053800776
-0.05367215121269681
-0.05477061349051066
-0.05388937466862437
-0.05468930042813125
-0.05377608096721065
-0.0548732637745078
-0.05399317958765321
-0.05479182650234515
-0.05387978644246433
-0.0549756920940172
-0.05409675969423694
-0.0548941306371864
-0.05398326756494276
-0.05507789892390252
-0.05420011539711128
-0.05499621386048148
-0.05408652634918543
-0.05517988571324822
-0.05430324879201598
-0.05509807699466956
-0.05418956054761842
-0.05528165201579249
-0.05440616130488457
-0.05519972208691448
-0.05429237432810707
-0.05538319961634391
-0.05450885181784226
-0.0553011485538174
-0.0543949670334038
-0.05548452958534872
-0.05461132334837004
-0.05540235829949791
-0.05449734017104407
-0.05558564279148498
-0.05471357580417324
-0.05550335177134058
-0.05459949412265436
-0.05568654023156522
-0.05481561115096401
-0.05560412982300333
-0.05470142934406352
-0.05578722226567207
-0.05491742816849954
-0.05570399494218831
-0.05481015818184926
-0.05588293690233442
-0.05502616501252572
-0.05580100469895372
-0.05491278899313284
-0.05597932498070268
-0.05513268377329444
-0.05589901297059513
-0.05501443108532111
-0.05607662898457949
-0.05523516654144617
-0.0559984400082198
-0.05512183630550949
-0.0561729187784461
-0.05533533088206527
-0.05609843924994384
-0.05521831330406973
-0.05627276573591905
-0.05543636634241156
-0.05618872851668039
-0.05532601965673811
-0.05637349599950203
-0.0555357705822665
-0.05628709475078963
-0.05542711236247128
-0.05647243710679684
-0.05563626564786545
-0.05638702953442665
-0.0555267537088221
-0.05657047283704625
-0.05573705395717288
-0.05648683653449482
-0.05562610152519443
-0.05666836804855252
-0.05583756883329977
-0.05658616315177506
-0.05572540882745602
-0.05676634335360653
-0.05593766372773656
-0.05668500545132454
-0.05582469925912653
-0.05686437378454134
-0.05603736926061986
-0.05678344534764368
-0.055923926284696
-0.0569623708969999
-0.05613675103678045
-0.0568815641821131
-0.05602303603778397
-0.05706025879004184
-0.05623586251351231
-0.05697942030095354
-0.05612198695638548
-0.05715798915820708
-0.05633474036133651
-0.05707704982444028
-0.05622075380434399
-0.05725553451306759
-0.05643340186792201
-0.05717446967888951
-0.05631932430372893
-0.05735288317206721
-0.05653185666397426
-0.05727168865698218
-0.05641769471462382
-0.05745003167985613
-0.05663010745695762
-0.05736870891505669
-0.05651586357733246
-0.05754697937144748
-0.05672815836000572
-0.05746553334784849
-0.05661382928077652
-0.05764372574779714
-0.05682601077054905
-0.0575621627568505
-0.05671159350082544
-0.05774027280165567
-0.05692366508399072
-0.05765859693757419
-0.05680915563495226
-0.05783662017675323
-0.05702112083505317
-0.05775483535069531
-0.05690651959914106
-0.0579327721643042
-0.05711837883700499
-0.05785087880013168
-0.05700368536481726
-0.05802872840328749
-0.05721544031279674
-0.05794672823487546
-0.05710065273882142
-0.05812448952943072
-0.05731230621398203
-0.05804238386075589
-0.05719742335749428
-0.05822005706263383
-0.05740897633855413
-0.05813784630267976
-0.05729399900790766
-0.05831543236222575
-0.05750545106150085
-0.05823311576672685
-0.0573903804756416
-0.05841061578085821
-0.05760173017796799
-0.05832819286763519
-0.05748656994323775
-0.05850560923664161
-0.05769781489285125
-0.05842307895606885
-0.05758256694195857
-0.05860041177677427
-0.05779370722810645
-0.05851777567939509
-0.05767836985768765
-0.05869502328296722
-0.05788940908552992
-0.05861228420737585
-0.05777398168977793
-0.05878944638879263
-0.05798491984190562
-0.05870660374509795
-0.05786940139479524
-0.058883680132084
-0.05808024066176481
-0.05880073601758645
-0.0579646315367946
-0.05897772697124654
-0.05817537148264934
-0.05889468063985404
-0.05805967286940777
-0.0590715876486218
-0.05827031388099319
-0.05898843907795637
-0.05815452434849094
-0.05916526161799873
-0.05836506957312521
-0.05908201304427713
-0.05824918893015535
-0.05925875064562763
-0.05845963475323634
-0.05917539972932478
-0.05834366790335449
-0.05935205627129753
-0.05855401373781194
-0.05926860283833996
-0.05843796063049561
-0.05944517810191463
-0.05864820767249074
-0.0593616232505671
-0.05853206606533468
-0.05953811517513236
-0.0587422164639303
-0.05945446137048421
-0.05862598849417722
-0.05963087116770166
-0.0588360398842081
-0.0595471165461588
-0.05871972549043408
-0.05972344480525893
-0.05892968138305033
-0.05963959212860465
-0.05881327915083484
-0.05981583751887093
-0.05902313991233049
-0.05973188674783275
-0.05890664963387315
-0.05990805000954563
-0.05911641537371087
-0.05982400080291855
-0.05899983996897573
-0.0600000838316061
-0.0592095073754485
-0.05991593499504727
-0.05909284964870903
-0.06009193882503455
-0.05930241933872354
-0.06000769143133805
-0.05918567746728237
-0.06018361498322206
-0.05939515291406627
-0.06009927135432125
-0.05927832453375714
-0.06027511315057704
-0.05948770664200359
-0.06019067364126834
-0.05937079289236646
-0.06036643511262119
-0.05958008161651646
-0.06028189952985014
-0.05946308283557372
-0.06045758100111276
-0.05967227892653543
-0.06037295025051509
-0.05955519545240784
-0.06054855164512302
-0.05976429751660117
-0.06046382483071999
-0.05964713102078251
-0.06063934796482523
-0.05985614114932686
-0.06055443129664834
-0.05974684207141695
-0.0607251118935293
-0.05995006163075445
-0.06064306168344363
-0.05984193339545962
-0.06081259582918713
-0.06004157045313863
-0.0607337853345129
-0.05993265499891737
-0.06090247317904535
-0.06013197219878819
-0.06082358740051891
-0.06002048928771159
-0.06099557535014388
-0.06021928376747598
-0.0609071566510116
-0.06012060227267302
-0.06108709844631993
-0.06030774805605948
-0.06099343664361112
-0.06021610616668072
-0.06117789235960353
-0.06039698453081882
-0.06108183971905168
-0.06030852168492928
-0.06126794078758402
-0.06048696617967075
-0.06117110827521149
-0.06039948412455259
-0.06135741362747377
-0.06057733286965122
-0.06126056390811169
-0.06048981443343948
-0.0614465443116009
-0.06066774757229315
-0.06134992753626928
-0.06057985437955521
-0.061535478545718
-0.06075803024839066
-0.06143910394378721
-0.06066973019034799
-0.06162427506496904
-0.06084811271399937
-0.06152807019077544
-0.06075947690487643
-0.06171294568153546
-0.06093798539461559
-0.06161683224274578
-0.060849095254838
-0.06180148352116843
-0.06102765488777306
-0.06170539995891033
-0.06093857538050013
-0.06188987944858176
-0.06111713280076136
-0.06179378332892199
-0.06102790762751498
-0.0619781256856981
-0.06120642909656576
-0.06188199010282314
-0.06111708535895943
-0.06206621743340413
-0.06129555122235131
-0.06197002590922823
-0.06120610340985477
-0.06215415069187352
-0.06138450177011612
-0.0620578930488126
-0.0612949609164366
-0.06224192479640434
-0.0614732833187675
-0.06214559430347588
-0.06138365743937846
-0.06232953910171551
-0.06156189795230677
-0.06223313057342778
-0.06147219081224459
-0.06241699301460835
-0.061650348148655
-0.06232050419702062
-0.06156056157156137
-0.06250428623991094
-0.06173863361892035
-0.06240771535568029
-0.06164877031312116
-0.06259141984758521
-0.06182675634661822
-0.06249476548325994
-0.06173681715720331
-0.06267839305491679
-0.06191471514327601
-0.06258165481199685
-0.06182470406639973
-0.06276520775176436
-0.06200251198660789
-0.0626683842895861
-0.0619124297808204
-0.0628518637708067
-0.06209014883859448
-0.06275495485148214
-0.06199999352410346
-0.06293836038830014
-0.0621776249100815
-0.06284136671475066
-0.06208739772468125
-0.06302469988684367
-0.06226494167685992
-0.06292762087978498
-0.06217464249232491
-0.06311088196113701
-0.06235209931462743
-0.06301371792019173
-0.06226172840769512
-0.06319690766345037
-0.06243909880966703
-0.06309965841539183
-0.06234865652860816
-0.0632827770232301
-0.06252593849929022
-0.06318544217547956
-0.06243542782501316
-0.06336849107137427
-0.06261262126547945
-0.06327107092678358
-0.06252204151676677
-0.06345404956391648
-0.0626991472006912
-0.06335654482024722
-0.06260849864502416
-0.06353945346427242
-0.06278551592248843
-0.0634418640713989
-0.06269480112143205
-0.06362470414047505
-0.06287172942202679
-0.06352702952205769
-0.06278094634021786
-0.06370980059405335
-0.06295778864939872
-0.06361204218415478
-0.06286693668138399
-0.06379474459291207
-0.06304369463865928
-0.06369690255478094
-0.06295277136468808
-0.06387953541195307
-0.06312944518092561
-0.06378161008636213
-0.06303845408564446
-0.0639641755997471
-0.06321504224749713
-0.06386616607665985
-0.06312398358996379
-0.06404866402935794
-0.06330048457839227
-0.06395057078453631
-0.06320936262184662
-0.0641330024406252
-0.06338577413553304
-0.06403482502972918
-0.06329458858710491
-0.06421719030590722
-0.06347091318387288
-0.0641189301475687
-0.06337966203291823
-0.06430122769853008
-0.06355590139700346
-0.0642028857985868
-0.06346458356556373
-0.06438511600664182
-0.0636407392375023
-0.06428669304364298
-0.06354935544875417
-0.06446885610140707
-0.06372542731768821
-0.06437035189141144
-0.06363397603103421
-0.06455244731179044
-0.06380996476505457
-0.06445386258219754
-0.06371844801686544
-0.06463589134225745
-0.06389435303885388
-0.06453722597304423
-0.06380277154072417
-0.06471918871731447
-0.06397859266869338
-0.06462044258870137
-0.0638869462027401
-0.06480233962840926
-0.06406268502930562
-0.06470351288128406
-0.0639709716718973
-0.06488534419192948
-0.06414663063407416
-0.06478643781853144
-0.06405485024630475
-0.0649682031850391
-0.06423042691855757
-0.06486921685621172
-0.06413858413483775
-0.06505091789638934
-0.06431407578570864
-0.06495185077074234
-0.06422217168824373
-0.06513348857303231
-0.06439757990255551
-0.06503434125313146
-0.06430561250836536
-0.06521591448881847
-0.06448093892868806
-0.06511668795044534
-0.06438890671189745
-0.06529819659248065
-0.06456415329312781
-0.06519889142113489
-0.06447205656502358
-0.06538033609723992
-0.06464722265967771
-0.06528095223252806
-0.06455506295858759
-0.06546233304692867
-0.06473014669026
-0.06536287048665368
-0.06463792638642585
-0.06554418838602882
-0.06481292763834179
-0.06544464739534489
-0.0647206460533245
-0.06562590183536859
-0.06489556554347575
-0.06552628305622493
-0.06480322245230979
-0.06570747387779363
-0.06497806089546304
-0.06560777794983069
-0.06488565607386781
-0.06578890544897625
-0.06506041547347086
-0.06568913333922144
-0.06496794786857646
-0.06587019697946594
-0.0651426284822289
-0.06577034848715763
-0.06505009703363934
-0.06595134862006152
-0.06522470078101134
-0.06585142476542416
-0.0651321066274087
-0.06603236149497038
-0.06530663074526821
-0.06593236105034134
-0.06521397628951792
-0.06611323658279061
-0.06538842186909327
-0.06601315974524641
-0.06529570561058617
-0.06619397315734588
-0.06547007290201151
-0.0660938201695338
-0.06537729551210464
-0.0662745720628421
-0.06555158476730605
-0.06617434317227966
-0.06545874602022006
-0.06635503338327126
-0.06563295748649367
-0.06625472927837051
-0.06554005932797891
-0.06643535873188383
-0.06571419243430732
-0.06633497883785833
-0.06562123336284109
-0.06651526497774146
-0.06580039360112944
-0.0664108357038376
-0.06570860863834999
-0.06659227744205515
-0.06588240682474433
-0.06648833092371087
-0.06579269387187409
-0.06667032810498058
-0.06596143416800454
-0.06657264474887709
-0.06587508139992987
-0.06674793424967723
-0.06604014295016675
-0.06665493061692696
-0.0659564578981231
-0.06682589790957177
-0.06611913784716489
-0.0667349919355702
-0.06603777608735634
-0.06690472748434362
-0.06619878339871615
-0.06681395381186744
-0.06611898999962806
-0.06698404092241489
-0.06627880858320845
-0.06689247011686528
-0.06619995063982936
-0.06706346724018097
-0.06635886187979589
-0.06697080167803243
-0.06628066402464033
-0.06714285141613896
-0.06643874720109771
-0.06704905298028951
-0.06636118394338425
-0.06722214381720593
-0.06651840957249783
-0.06712725412264153
-0.06644154495686744
-0.06730132695975038
-0.0665978571992662
-0.06720539955683918
-0.06652176268639826
-0.06737995060818097
-0.06667061446528005
-0.06728949243398857
-0.06659919034036133
-0.06745582984870757
-0.06675077461343226
-0.06737137671664467
-0.06667733567470069
-0.06753244998934882
-0.06683045147667843
-0.06745228469065334
-0.06675560536762143
-0.06760916439730857
-0.06691012146161179
-0.0675325976295531
-0.06683385277235704
-0.06768589866390512
-0.06698976778092541
-0.06761239020473514
-0.06691208925371422
-0.06776269187821443
-0.06706928849123356
-0.06769169899906097
-0.06699033447028563
-0.06783957635593529
-0.06714861048825504
-0.06776952970932093
-0.0670762428826997
-0.06791300391593291
-0.06722962590243803
-0.06784491112934399
-0.06715873603654915
-0.067987767582533
-0.06730956832997909
-0.06792101021944846
-0.06723966541051773
-0.06806298873884931
-0.06738923227417959
-0.06799758007128309
-0.06731949590530667
-0.0681385076330438
-0.06746870918240039
-0.0680744064986305
-0.0673985746083503
-0.06821425010783494
-0.06754796386306511
-0.06815136098122682
-0.06747712241271686
-0.06829014876772088
-0.06762697606882012
-0.06822836724566506
-0.06755527728798294
-0.06836614012107806
-0.06770574739346302
-0.06830538057350066
-0.06763312729522697
-0.06844216877213366
-0.06778429609259878
-0.06838236723915214
-0.06771072857381261
-0.06851819136382448
-0.06786264283222132
-0.06845930272496448
-0.06778811887570524
-0.06859417475785434
-0.06794080786956153
-0.06853616693447279
-0.0678653242951997
-0.06867009482181513
-0.06801880643313485
-0.06861294571137233
-0.0679423638829606
-0.06874593349225266
-0.06809665087640188
-0.06868962766789471
-0.06801924886422128
-0.06882168021118473
-0.06817435037719327
-0.06876620492453828
-0.06809598941556783
-0.06889732567206813
-0.06825191021555949
-0.06884267312814174
-0.06817259249657248
-0.06897286368380767
-0.06832933424682835
-0.0689190292181649
-0.06824906073634385
-0.06904829218671094
-0.06840662762282523
-0.06899526892561808
-0.06832539909877194
-0.06912360712766374
-0.0684837914628077
-0.06907139203309826
-0.06840160922298361
-0.06919880755313029
-0.06856082791364071
-0.06914739720724467
-0.06847769369184331
-0.06927389163370651
-0.06863773876658186
-0.06922328346053419
-0.06855365420850523
-0.06934885851707506
-0.0687145243344443
-0.06929905116977458
-0.06862949117077499
-0.06942370848118623
-0.06879118545417529
-0.06937470037119031
-0.06870520497396887
-0.06949844189582027
-0.06886772355372917
-0.06945023042134973
-0.06878079773583146
-0.06957305738378727
-0.06894413902681285
-0.06952564159957919
-0.06885626864127226
-0.06964755662341837
-0.06902043192168478
-0.06960093471468626
-0.06893161884887289
-0.06972193911113567
-0.06909660297072995
-0.06967552271899707
-0.06900121427564271
-0.06980022365872923
-0.06917110490303408
-0.06974850382546455
-0.06907704244774598
-0.06987694953621326
-0.06924594111502275
-0.06982180280212458
-0.06915261152831526
-0.06995309622174051
-0.06932070078200397
-0.06989508472806055
-0.06922820264553631
-0.07002889201737023
-0.0693953459283792
-0.06996833839094507
-0.06930377681997252
-0.070104347419435
-0.06946991960909832
-0.07004160397143583
-0.06937925300289199
-0.07017946237163158
-0.0695444519323416
-0.07011490644480495
-0.06945457440135777
-0.07025425566914095
-0.06961895168380983
-0.07018824566888154
-0.06952971658210649
-0.07032875683555623
-0.06969341387527145
-0.07026160521884184
-0.06960467716967861
-0.07040300053566384
-0.06976782682945609
-0.07033496214361029
-0.06967946509773526
-0.07047701813092883
-0.06984217754686262
-0.07040829356331418
-0.06975408954043527
-0.07055083527126721
-0.06991645452421119
-0.07048157993148318
-0.06982856149801148
-0.0706244737541234
-0.06999064917654929
-0.07055480562843902
-0.06990288857199878
-0.07069794888910946
-0.07006475417043151
-0.07062795842829522
-0.06997707811794718
-0.07077127358797508
-0.07013876282401577
-0.07070102790989097
-0.07005113682275893
-0.07084445837003978
-0.07021267143280924
-0.07077400724438754
-0.07012506801608359
-0.07091750934059116
-0.07028647653897691
-0.0708468907600176
-0.07019887580023282
-0.07099043331249749
-0.07036017675153211
-0.07091967497238938
-0.07027256234921742
-0.07106323342921267
-0.07043376875893925
-0.0709923558334859
-0.07034613058841266
-0.07113591390038521
-0.07050725204092301
-0.07106493224373311
-0.07041958291682859
-0.07120847663208962
-0.07058062383279506
-0.07113740148011422
-0.07049292095674076
-0.07128092437554973
-0.07065388597416983
-0.07120976411130181
-0.07056614386526566
-0.07135325737509457
-0.0707270385948221
-0.07128201959630437
-0.07063925294884571
-0.07142547728534937
-0.0708000810783222
-0.07135416664481392
-0.07071224843616286
-0.07149758520256971
-0.07087301419082592
-0.07142620590597576
-0.07078513174404039
-0.07156958137487729
-0.07094583538746546
-0.07149813586011
-0.07085790458970964
-0.07164146807343852
-0.07101854650255313
-0.07156995770753238
-0.07093056699783978
-0.07171324488585928
-0.07109114712756687
-0.07164167071113708
-0.07100311780571555
-0.07178491191501463
-0.07116363939791986
-0.0717132764896537
-0.07107555766924167
-0.07185646960786501
-0.07123602163759507
-0.07178477385077309
-0.07114788903916425
-0.07192791969449669
-0.07130829406844857
-0.07185616323762367
-0.07122011087257435
-0.07199926152991049
-0.07138045807628318
-0.07192744583221694
-0.07129222350144621
-0.07207049544287203
-0.071452513361421
-0.07199862110121408
-0.07136422756660649
-0.0721416218674944
-0.07152445982313821
-0.07206968936460656
-0.07143612339235877
-0.0722126417565106
-0.07159629926663374
-0.07214065148606624
-0.07150791056920713
-0.07228355469146786
-0.07166803065039279
-0.07221150713261487
-0.07157959120816226
-0.07235436163975068
-0.07173965313807423
-0.07228225619630657
-0.07165116500198049
-0.07242506269349136
-0.07181116914665497
-0.07235290006863304
-0.07172263111240185
-0.07249565806038533
-0.0718825794190126
-0.07242343906559806
-0.07179398955198596
-0.07256614731943722
-0.07195388322457097
-0.07249387296162213
-0.07186524199185484
-0.07263653205372461
-0.07202508088189119
-0.0725642020717901
-0.07193638843921224
-0.0727068121531495
-0.07209617270660373
-0.07263442670750292
-0.07200742951871608
-0.07277698835118462
-0.07216715901494991
-0.0727045468695332
-0.07207836450400079
-0.07284706011126896
-0.07223803980620674
-0.07277456306290975
-0.07214919547299981
-0.07291702869337219
-0.07230881528460953
-0.07284447570802227
-0.07221992169950558
-0.07298689387404544
-0.07237948617964945
-0.07291428511062303
-0.0722905434927002
-0.07305665595852401
-0.07245005310783176
-0.07298399168530761
-0.07236106043503898
-0.0731263151410525
-0.07252051679231675
-0.07305359604416134
-0.07243147356144819
-0.0731958715265193
-0.07259087609040271
-0.07312309765061153
-0.07250178348011554
-0.07326532613961723
-0.07266113203060803
-0.07319249722417048
-0.07257199018960642
-0.07333467886362088
-0.07273128491621289
-0.07326179506406533
-0.072642093992277
-0.0734039299971716
-0.0728013353548278
-0.07333099157728623
-0.07271209446928983
-0.07347307942063641
-0.07287128333888976
-0.07340008725560526
-0.07278199336049962
-0.07354212826320428
-0.0729411294763197
-0.07346908220037046
-0.07285178952869603
-0.07361107598987082
-0.0730108734533832
-0.0735379761794086
-0.07292148459439401
-0.07367992382760019
-0.07308051485145151
-0.07360676937779054
-0.07299107896050405
-0.07374867195928342
-0.07315005529048724
-0.0736754630241615
-0.07306057220829354
-0.07381731995987323
-0.07321949435062158
-0.07374405699419628
-0.07312996432639646
-0.07388586831541771
-0.07328883375072442
-0.0738125520973788
-0.07319925519905524
-0.07395431701179123
-0.07335807276569656
-0.07388094810005641
-0.07326844582930059
-0.07402266674640806
-0.07342721168533656
-0.0739492452886592
-0.07333753680823057
-0.07409091791185202
-0.07349625008909055
-0.07401744353751161
-0.07340652812040377
-0.07415907098683572
-0.07356518998473061
-0.07408554405890005
-0.07347541934776269
-0.07422712554533573
-0.07363403034741961
-0.07415354651058415
-0.07354421249206561
-0.07429508279331465
-0.07370277105837258
-0.074221450874635
-0.07361290682865101
-0.07436294249516817
-0.0737714134070902
-0.07428925794509406
-0.07368150193490608
-0.07443070452238754
-0.07383995737431837
-0.07435696819266191
-0.07374999950435418
-0.07449836996948778
-0.07390840354426464
-0.07442458170478516
-0.07381839841072474
-0.07456593830113589
-0.07397675189631137
-0.07449209864919587
-0.073886699636391
-0.0746334101984979
-0.07404500270921244
-0.07455951930148147
-0.07395490375770192
-0.0747007863420811
-0.07411315626293979
-0.07462684393799773
-0.07402301075588003
-0.07476806630172034
-0.07418121213294876
-0.07469407242489162
-0.07409102090324388
-0.07483525094511712
-0.07424917229042632
-0.07476120594900237
-0.07415893377960903
-0.07490233984438488
-0.07431703571685561
-0.0748282441654729
-0.07422675135063328
-0.07496933418012219
-0.07438480258338409
-0.07489518715391918
-0.07429447219713919
-0.07503623360787626
-0.07445247425718104
-0.0749620358809116
-0.07436209728994553
-0.0751030382048567
-0.07452004932265399
-0.07502878970441362
-0.07442962788566293
-0.07516974903727686
-0.07458752864171858
-0.07509544939784074
-0.07449706326412975
-0.0752363658665518
-0.07465484047144866
-0.07515406886570963
-0.07457389699480932
-0.07530083778090707
-0.0747216854170954
-0.07521131873927128
-0.07465477641874096
-0.07536464635990836
-0.07478831522329599
-0.07527288557645734
-0.07472882948664655
-0.07542733983731037
-0.07485453107311607
-0.07534176090691458
-0.074798045079422
-0.07549166693101178
-0.07492048853190969
-0.07540620188015357
-0.07486994705911637
-0.07555643385370359
-0.0749858855204168
-0.07547164988556071
-0.07493944444533374
-0.07562143936773308
-0.07505121868326148
-0.07553886734657012
-0.07500683266225605
-0.07568637856399096
-0.07511698463702177
-0.07560680709214312
-0.07507317991039775
-0.07575108477072773
-0.07518324112843777
-0.07567479444091441
-0.07513907715625756
-0.0758155963733757
-0.07524984250018213
-0.07574252356197941
-0.07520479818218395
-0.07588001161544511
-0.07531661427264996
-0.07580988354486973
-0.07527046028170359
-0.07594441647190175
-0.0753834157258656
-0.07587685740836686
-0.07533611132449436
-0.07600886562971537
-0.07545015170749514
-0.07594346716654077
-0.07540176532297921
-0.07607338214696413
-0.0755167690802146
-0.07600975032169732
-0.07546742158356362
-0.07613796651270699
-0.07558324101850061
-0.07607574537264089
-0.07553307207974552
-0.07620260570850146
-0.07564956010577983
-0.07614149023351802
-0.07559870711739242
-0.07626728132672522
-0.07571572756096778
-0.0762070164182303
-0.07566431557875369
-0.07633197298511041
-0.07578175048044411
-0.07627235155830753
-0.07572988632396749
-0.0763966607104391
-0.07584763742384998
-0.07633751855389243
-0.07579541019712638
-0.07646132700089181
-0.07591339497002214
-0.07640253456774465
-0.07586087963311572
-0.07652595819726976
-0.07597903150753382
-0.07646741456932959
-0.07592628647726207
-0.076590541603066
-0.07604455555547274
-0.0765321713941492
-0.07599162513970159
-0.07665506724267346
-0.07610996968954603
-0.07659681219188041
-0.07605689210428457
-0.07671952902023543
-0.07617528064258755
-0.07666134514969192
-0.07612208213073762
-0.07678391991081429
-0.0762404917351161
-0.07672577551356702
-0.07618719269939933
-0.07684823587565376
-0.07630560637964312
-0.07679010781594287
-0.07625222177624003
-0.07691247404426044
-0.07637062655011162
-0.07685434464124341
-0.0763171678937079
-0.07697663204066019
-0.07643555325269225
-0.07691848807542101
-0.07638203024658874
-0.07704070844232697
-0.07650038939715226
-0.07698254087286754
-0.07644680661231146
-0.07710470116833518
-0.07656513522774328
-0.0770465038487298
-0.07651149826743286
-0.07716861026298372
-0.07662979078639248
-0.07711037801092546
-0.0765761045971286
-0.07723243536830621
-0.07669435793127877
-0.07717416446429948
-0.07664062460900778
-0.07729617556482415
-0.07675883746366485
-0.07723786420920375
-0.07670505825544749
-0.07735983041699823
-0.07682322923708068
-0.07730147747691046
-0.07676940576704927
-0.07742340043514406
-0.07688753386798153
-0.0773650047827496
-0.0768336677570054
-0.07748688556641209
-0.07695175177247932
-0.07742844655510017
-0.07689784313462666
-0.07755028584089246
-0.07701588366113599
-0.07749180292447511
-0.07696193279116154
-0.07761360158459446
-0.07707992994575869
-0.07755507488034502
-0.07702593667958924
-0.07767683236540246
-0.07714388963848506
-0.07761826150857515
-0.07708985530360812
-0.07773997934715859
-0.07720776456306161
-0.07768136417520832
-0.07715368861655142
-0.07780304181786279
-0.07727155391330193
-0.07774438244448179
-0.07721743618668303
-0.07786602018144551
-0.07733525866797569
-0.07780731709963012
-0.07728109983215314
-0.07792891495691295
-0.07739887764784537
-0.07787016770726946
-0.07734467884245083
-0.07799172644941188
-0.0774624127627293
-0.07793293524521883
-0.07740817344552131
-0.07805445432433683
-0.07752586293054986
-0.0779956191800571
-0.07747158386177599
-0.07811709907878778
-0.07758922902589283
-0.07805822010762498
-0.07753491031396581
-0.07817966093270573
-0.07765251182492133
-0.07812073899913086
-0.07759815275068888
-0.07824213973359756
-0.07771571099682112
-0.07818317504444933
-0.07766131129356391
-0.078304536350008
-0.07777882713496087
-0.07824552873979412
-0.07772438681440019
-0.07836685081943218
-0.07784185943760363
-0.07830779992784553
-0.07778737925472956
-0.07842908353715367
-0.07790480969546709
-0.07836998966999764
-0.0778502881890461
-0.07849123407113356
-0.07796767720305514
-0.07843209771035736
-0.07791311475639212
-0.07855330310448966
-0.0780304609821893
-0.07849412342109902
-0.07797585981527111
-0.07861529149646668
-0.07809316271979067
-0.07855606823140399
-0.07803852266510619
-0.07867719844343879
-0.07815578198761208
-0.07861793198099243
-0.07810110324557495
-0.07873902406069827
-0.07821831936871632
-0.07867971487994058
-0.0781636020433607
-0.07880076920539442
-0.07828077599398214
-0.07874141760810338
-0.07822601863287204
-0.07886243344560845
-0.07834315116004542
-0.07880303990824949
-0.0782883541411139
-0.07892401745562427
-0.07840544443834968
-0.07886458189391149
-0.0783506088749456
-0.07898552134897469
-0.07846765695378166
-0.07892604396527203
-0.07841278230887067
-0.07904694533378631
-0.07852978837247948
-0.07898742586533081
-0.07847487501956157
-0.07910828961553945
-0.07859183944610398
-0.07904872853699862
-0.07853688721781649
-0.0791695544026918
-0.07865381011348199
-0.07910995181941832
-0.07859881911226296
-0.07923073990101115
-0.07871570058263938
-0.07917109591799371
-0.07866067118131292
-0.07929184640998566
-0.07877751042529946
-0.07923216067021682
-0.07872244335925432
-0.07935287430959514
-0.07883924138911524
-0.07929314710857399
-0.07878413522037969
-0.07941382316793749
-0.07890089250425081
-0.07935405487959818
-0.07884574823808216
-0.07947469364680865
-0.07896246388165723
-0.07941488428032223
-0.07890728198197461
-0.07953548585367864
-0.07902395635890402
-0.07947563560640264
-0.078968736023452
-0.07959619989557581
-0.07908537023252932
-0.07953630896404479
-0.07903011146715677
-0.07965683616068298
-0.07914670471095553
-0.07959690418904675
-0.07909140851316065
-0.07971739511641668
-0.07920796062753022
-0.07965742184484514
-0.07915262682768759
-0.07977787623572336
-0.07926913844948674
-0.07971786249132273
-0.07921376687937359
-0.07983828008045796
-0.07933023811044398
-0.07977822596423967
-0.07927482913562406
-0.07989860721028252
-0.07939125981149625
-0.07983851246220086
-0.07933581352959007
-0.07995885719162565
-0.07945220312311035
-0.07989872181769875
-0.07939672025620576
-0.08001903075441769
-0.0795130697628037
-0.07995885504281569
-0.0794575488901148
-0.08007912746721729
-0.07957385876839262
-0.08001891178397563
-0.07951830087846778
-0.08013914797673977
-0.07963457050977552
-0.08007889242117538
-0.07957897516706158
-0.08019909229086319
-0.07969520563371185
-0.08013879705439231
-0.0796395728415929
-0.08025896078760786
-0.07975576335361712
-0.08019862578324066
-0.07970009445393877
-0.0803187536586239
-0.07981624386534864
-0.08025837853319573
-0.07976053957263168
-0.08037847126767911
-0.07987664913507247
-0.08031805666424818
-0.0798209075096083
-0.0804381128272505
-0.07993697794018767
-0.08037765919799034
-0.07988119960345624
-0.08049767959702714
-0.07999723100057798
-0.08043718703994812
-0.07994141578456698
-0.08055717141145935
-0.08005740824526264
-0.08049663975745519
-0.08000155562361744
-0.08061658810005118
-0.08011750959817904
-0.08055601770857723
-0.08006162080966506
-0.08067593091927472
-0.08017753577848197
-0.08061532126810805
-0.0801216100359145
-0.08073519898974241
-0.08023748671094771
-0.08067455052887795
-0.0801815243700324
-0.08079439294359703
-0.08029736170572949
-0.08073370522985884
-0.08024136435176021
-0.08085351322849582
-0.08035716209129617
-0.08079278635870163
-0.08030112929285288
-0.08091255932271513
-0.08041688805439345
-0.08085179383605651
-0.08036081928773475
-0.08097153176370403
-0.08047653925797649
-0.08091072766293306
-0.08042043548928607
-0.08103043108875163
-0.08053611667273247
-0.08096958829777057
-0.08047997624455211
-0.08108925668415878
-0.08059562005028087
-0.08102837564809928
-0.08053944383583145
-0.08114800935607491
-0.08065504852164579
-0.08108708989576191
-0.08059883792473826
-0.08120668910462625
-0.08071440349359543
-0.08114573140374232
-0.08065815773213336
-0.08126529602039634
-0.08077368549849723
-0.08120430035220222
-0.08071740370169528
-0.08132383037381224
-0.08083289410801414
-0.0812627970910067
-0.08077657697644475
-0.0813822924360918
-0.08089202889706182
-0.0813212211889538
-0.08083567712646816
-0.08144068229415563
-0.08095109065377976
-0.08137957317409933
-0.08089470433197754
-0.08149900012617223
-0.08101007981667857
-0.08143785331437509
-0.08095365816609346
-0.08155724601984632
-0.08106899691259639
-0.08149606204616477
-0.08101253941686837
-0.08161541998382738
-0.08112784090833142
-0.08155419884701576
-0.08107134851758013
-0.08167352305924552
-0.08118661319388348
-0.08161226433356022
-0.08113008478667039
-0.08173155446740876
-0.08124531334034141
-0.08167025858952109
-0.08118874926194203
-0.08178951481958513
-0.08130394066433094
-0.0817281816104356
-0.0812473430687784
-0.08184740463741164
-0.08136249585882072
-0.0817860334932366
-0.08130586457310479
-0.08190522356841234
-0.08142098030186434
-0.08184381510379751
-0.08136431395308613
-0.08196297152939291
-0.08147939305374019
-0.08190152608901585
-0.08142269258488083
-0.08202064912698431
-0.08153773420024918
-0.08195916671017212
-0.08148100029650196
-0.08207825678984482
-0.08159600426153574
-0.08201673714013352
-0.08153923675180885
-0.08213579399899956
-0.08165420366422599
-0.08207423763679877
-0.08159740177877389
-0.08219326118065712
-0.08171233292318358
-0.08213166862625543
-0.08165549615014411
-0.08225065833847867
-0.08177039101434203
-0.0821890298443157
-0.08171352088758627
-0.08230798632886821
-0.08182837811160826
-0.08224632120607278
-0.08177147530952011
-0.0823652451434907
-0.08188629557836929
-0.08230354331257389
-0.08182935899154897
-0.08242243435261098
-0.08194414324036414
-0.08236069632947529
-0.08188717210339208
-0.08247955437763249
-0.0820019213539237
-0.08241778033566477
-0.08194491566257611
-0.0825366055611283
-0.08205962915242931
-0.08247479540969122
-0.08200259017783718
-0.08259358832346203
-0.08211726765242378
-0.08253174189485718
-0.08206019463121544
-0.08265050214767644
-0.08217483676717668
-0.0825886198668303
-0.0821177300340899
-0.08270734788042733
-0.08223233641263222
-0.0826454294043123
-0.08217519689364317
-0.08276412517940318
-0.08228976607654875
-0.08270217066976832
-0.08223259512123793
-0.08282083437363136
-0.08234712710637265
-0.08275884400197214
-0.08228992395221058
-0.08287747553940283
-0.08240442025599581
-0.08281544990317419
-0.08234718355430076
-0.08293404884102656
-0.08246164518789045
-0.08287198810980456
-0.08240437493260871
-0.08299055461434707
-0.08251880113953475
-0.08292845844465269
-0.08246149799825159
-0.08304699293216999
-0.08257588911168845
-0.08298486174507685
-0.08251855291554533
-0.08310336395697149
-0.08263290901803655
-0.08304119758286516
-0.08257553925907957
-0.08315966776092981
-0.08268986135524381
-0.08309746636820781
-0.08263245802708213
-0.08321590467679535
-0.08274674561239592
-0.08315366851128597
-0.08268930971775568
-0.08327207486484522
-0.08280356170381675
-0.08320980358449209
-0.082746093904627
-0.08332817839588197
-0.08286031037340436
-0.08326587208186681
-0.08280281074751489
-0.08338421567838916
-0.0829169926140409
-0.08332187458506402
-0.08285945982579473
-0.08344018603621711
-0.08297360692051436
-0.08337781040503239
-0.08291604270845554
-0.08349609087927146
-0.08303015453205015
-0.0834336802082713
-0.08297255789565761
-0.08355192927451915
-0.08308663593851823
-0.08348948439801146
-0.08302900662317925
-0.08360770188447231
-0.08314305013666612
-0.08354522246161494
-0.0830853887993116
-0.08366340877706774
-0.08319939786304126
-0.08360089488730843
-0.08314170482751188
-0.08371905044098871
-0.0832556792755158
-0.08365650183098239
-0.08319795461832158
-0.08377462669762248
-0.08331189453011556
-0.08371204344655764
-0.08325413832721096
-0.08383013745245904
-0.08336804344939275
-0.08376751988573916
-0.0833102558617424
-0.08388558302039584
-0.08342412709662161
-0.08382293138665231
-0.083366307291523
-0.08394096363905795
-0.08348014504847817
-0.08387827826315924
-0.08342229367979093
-0.08399627954671601
-0.08353609712993032
-0.0839335604212999
-0.08347821460320665
-0.0840515308099295
-0.08359198357968917
-0.08398877768081664
-0.08353407021326725
-0.08410671757814858
-0.08364780528387933
-0.08404393093830331
-0.08358986008927421
-0.08416183991880971
-0.08370356223505432
-0.08409901992914182
-0.08364558520262749
-0.0842168981506255
-0.08375925368227061
-0.08415404447283992
-0.08370124545852342
-0.08427189233690319
-0.08381488034869322
-0.084209005047437
-0.08375684100758252
-0.0843268226265686
-0.08387044238477731
-0.08426390204656353
-0.08381237257302954
-0.08438168925338002
-0.08392593961453859
-0.08431873512977645
-0.08386783916010576
-0.08443649219574356
-0.08398137308406628
-0.0843735050166422
-0.08392324149078056
-0.08449123168641648
-0.08403674261586308
-0.08442821161068881
-0.08397857938716108
-0.08454590787207339
-0.08409204762985795
-0.08448285456264715
-0.08403385389223716
-0.08460052122516748
-0.08414728924439846
-0.08453743484193521
-0.08408906401841604
-0.08465507099523761
-0.08420246631068562
-0.08459195177006201
-0.08414421104529946
-0.08470955846531364
-0.08425758059609345
-0.08464640631502696
-0.08419929398831011
-0.08476398264373752
-0.08431263086991991
-0.0847007978828348
-0.08425431379846721
-0.08481834480987777
-0.08436761817038141
-0.08475512694558157
-0.08430927062369048
-0.08487264462362554
-0.08442254175345787
-0.08480939356341893
-0.08436416469206892
-0.0849268819026342
-0.08447740224523881
-0.08486359828654688
-0.08441899582338042
-0.08498105703241998
-0.0845321998746193
-0.08491774069146996
-0.08447376359682701
-0.08503517031301056
-0.08458693591163813
-0.0849718215696833
-0.08452846815996656
-0.08508922116384132
-0.08464160880844335
-0.08502584057071438
-0.08458311077929215
-0.08514321061375885
-0.08469621927209259
-0.08507979767902124
-0.08463769071223581
-0.08519713847919608
-0.08475076744375526
-0.08513369351544997
-0.08469220898610247
-0.08525100498424387
-0.08480525290624541
-0.08518752765783832
-0.08474666517950397
-0.08530481042559901
-0.08485967716079734
-0.08524130097397387
-0.0848010588763225
-0.08535855438227363
-0.08491403954909787
-0.08529501319759863
-0.0848553907765503
-0.08541223707436474
-0.08496833965129802
-0.08534866438365574
-0.08490966181586845
-0.08546585952248081
-0.08502257816932823
-0.08540225451625688
-0.0849638707797355
-0.08551942090073639
-0.08507675524017255
-0.08545578396976378
-0.08501801836457612
-0.0855729219060597
-0.08513087156083521
-0.08550925296481787
-0.08507210415383848
-0.08562636211682118
-0.08518492671130778
-0.08556266179326966
-0.08512612963639971
-0.08567974215343505
-0.0852389197199665
-0.0856160099524037
-0.08518009471052762
-0.08573306230721833
-0.08529285207328585
-0.08566929806190826
-0.08523399816699456
-0.08578632199451025
-0.0853467242245402
-0.08572252649322271
-0.08528784117137589
-0.08583952183272675
-0.08540053520327001
-0.08577569474423535
-0.08534162362251002
-0.08589266211151653
-0.0854542864887789
-0.08582880366852358
-0.08539534510591712
-0.08594574241181507
-0.08550797719169823
-0.08588185268169624
-0.08544900654376802
-0.08599876350123153
-0.08556160768290105
-0.08593484223584502
-0.08550260783665031
-0.08605172495931229
-0.08561517754503856
-0.08598777238161054
-0.08555614966906555
-0.08610462747196679
-0.08566868770022601
-0.08604064365141412
-0.08560963139123307
-0.08615747054007122
-0.08572213828231295
-0.08609345594087481
-0.08566305305525185
-0.08621025461143683
-0.08577552918985326
-0.08614620930069627
-0.08571641487605164
-0.08626297950138534
-0.08582886055447103
-0.08619890386106926
-0.08576971745343653
-0.08631564597211594
-0.08588213251005078
-0.08625153975420735
-0.08582296068709083
-0.08636825383954444
-0.08593534518890189
-0.08630411711061525
-0.08587614470895727
-0.08642080323393725
-0.0859884989561856
-0.08635663614066258
-0.08592926933694683
-0.08647329428508149
-0.08604159347649459
-0.08640909657894158
-0.08598233501488151
-0.0865257271209805
-0.08609462911257254
-0.08646149910231732
-0.08603534242020999
-0.08657810195188476
-0.08614760545117106
-0.08651384329275025
-0.08608829136823332
-0.08663041913872499
-0.08620052340026252
-0.08656612990626339
-0.08614118152634215
-0.08668267818507291
-0.08625338285706946
-0.086618358756958
-0.08619401325504078
-0.08673487953094361
-0.08630618418246394
-0.08667053005195963
-0.08624678614005088
-0.08678702322410825
-0.0863589275842308
-0.08672264360572657
-0.08629950054122015
-0.08683910946955653
-0.08641161287773047
-0.08677470000917448
-0.08635215744140606
-0.08689113847438218
-0.08646423988178126
-0.08682669915715929
-0.08640475642579731
-0.086943110285297
-0.08651680903461106
-0.08687864117543698
-0.08645729762157978
-0.08699502502785716
-0.08656932046331078
-0.08693052618938257
-0.08650978138611098
-0.08704688290616924
-0.08662177352447398
-0.08698235393395382
-0.08656220815365717
-0.08709868427518264
-0.08667416957515234
-0.08703412531374283
-0.08661457674300022
-0.0871504285622865
-0.08672650881930155
-0.087085840141848
-0.08666688773975073
-0.08720211627932195
-0.08677879061344423
-0.08713749815332877
-0.08671914157694166
-0.08725374754852311
-0.08683101554028005
-0.08718910008952796
-0.08677133860969971
-0.08730532280360959
-0.08688318326836125
-0.08724064545739962
-0.08682347873318991
-0.08735684162724283
-0.08693529361249352
-0.08729213460753266
-0.08687556260608253
-0.08740830467971561
-0.08698734746277265
-0.0873435680505224
-0.08692758981768756
-0.08745971154685195
-0.08703934440744626
-0.08739494559937427
-0.08697956026162229
-0.0875110625010464
-0.08709128541067218
-0.08744626745383566
-0.08703147398261279
-0.08756235774164228
-0.08714317006000299
-0.08749753365636531
-0.08708333140989244
-0.08761359738933949
-0.08719499847755452
-0.08754874432757065
-0.08713513266534639
-0.08766478156453045
-0.08724677101250944
-0.0875998996655879
-0.08718687733790137
-0.08771591030929005
-0.08729848786362315
-0.08765099971210738
-0.08723856630887628
-0.08776698389895393
-0.08735014831470067
-0.08770204428066436
-0.08729019947057937
-0.0878180023735271
-0.08740175301716058
-0.08775303402302809
-0.08734177770207469
-0.0878689662360429
-0.08745330156345299
-0.08780396852701833
-0.08739330013890545
-0.08791987491655689
-0.08750479482792745
-0.08785484851896203
-0.0874447671268801
-0.08797072883852652
-0.08755623293089831
-0.08790567411728117
-0.08749617878662191
-0.08802152812100705
-0.08760761554071889
-0.08795644460457658
-0.08754753493145134
-0.08807227287860159
-0.08765894299931964
-0.08800716085376353
-0.08759883651250561
-0.08812296353334637
-0.08771021565275877
-0.08805782283451485
-0.08765008236772354
-0.08817359929202351
-0.08776143339103709
-0.08810843058334339
-0.08770127359051239
-0.08822418117896019
-0.08781259633262012
-0.088158984217449
-0.0877524100744701
-0.08827470900775347
-0.08786370481931532
-0.08820948415511598
-0.08780349193771059
-0.08832518289511748
-0.08791475852016983
-0.08825992968204899
-0.08785451899332258
-0.08837560317914195
-0.08796575829944403
-0.08831032174217096
-0.08790549166123107
-0.0884259695258629
-0.08801670322360244
-0.0883606598461355
-0.08795641005482535
-0.08847628227261972
-0.0880675939316396
-0.08841094463342258
-0.08800727481431375
-0.08852654161096746
-0.08811843024036314
-0.08846117599419495
-0.08805808553066841
-0.08857674757810102
-0.08816921256482213
-0.08851135404176202
-0.0881088425416453
-0.08862690058780603
-0.0882199410208111
-0.08856147866633984
-0.08815954521636382
-0.08867700037616683
-0.08827061624261728
-0.08861155050382313
-0.08821019396987451
-0.08872704660907826
-0.0883212375224815
-0.08866156958846799
-0.0882607896582171
-0.08877704022146449
-0.08837180527486566
-0.08871153558755829
-0.08831133157517074
-0.08882698102521663
-0.08842231961178681
-0.08876144883499543
-0.08836182013206811
-0.08887686913181969
-0.08847278064582503
-0.08881130944212218
-0.08841225544144937
-0.08892670465229413
-0.08852318848937296
-0.08886111751985193
-0.08846263783690622
-0.08897648777291722
-0.08857354273629053
-0.08891087310290036
-0.08851296750572157
-0.08902621852849324
-0.08862384423787606
-0.08896057645314132
-0.08856324374419106
-0.08907589695382606
-0.08867409340134419
-0.08901022768010874
-0.08861346688533522
-0.0891255232339811
-0.08872428982000535
-0.08905982681775537
-0.08866363733664329
-0.08917509747824764
-0.08877443360445003
-0.08910937397521573
-0.08871375520859071
-0.08922461979565682
-0.08882452486491194
-0.08915886926142458
-0.08876382083115536
-0.08927409059139019
-0.08887456349251738
-0.08920831248983929
-0.08881383409400956
-0.08932350967701491
-0.08892455003549604
-0.0892577043598709
-0.08886379510758147
-0.08937287694071805
-0.08897448386943063
-0.08930704438742743
-0.08891370397863863
-0.08942219292959641
-0.08902436635000976
-0.08935633334608717
-0.08896356030486535
-0.08947145723730465
-0.08907419663356453
-0.08940557089763362
-0.08901336543898375
-0.08952067041419426
-0.08912397402289091
-0.08945475685427234
-0.0890631192678219
-0.08956983271092284
-0.08917369986980039
-0.08950389198675618
-0.08911282116996755
-0.08961894364728562
-0.08922337428165728
-0.08955297618123015
-0.08916247095900454
-0.08966800354823967
-0.08927299765771934
-0.08960200976245847
-0.08921206925496405
-0.08971701237568702
-0.08932256908346181
-0.08965099224848938
-0.0892616163799928
-0.08976597096453243
-0.08937208968675203
-0.08969992411370276
-0.08931111171526535
-0.08981479210714105
-0.08942114604724244
-0.08974798093815306
-0.08936385786709905
-0.08986136280608842
-0.08947377797475914
-0.08979494199837035
-0.08941310202362096
-0.08990888621368093
-0.08952359225455442
-0.08984378749952421
-0.08946246484485526
-0.08995765659043592
-0.08957282096435448
-0.08989247586590299
-0.08951185456476957
-0.09000639504163011
-0.08962200416230143
-0.08994113185094976
-0.08956116862011132
-0.09005506465331325
-0.08967116077748483
-0.08998975649720758
-0.0896104085087619
-0.09010366951684939
-0.08972028506608565
-0.09003834332019411
-0.08965958096286147
-0.09015221520040068
-0.08976937304200805
-0.09008688820590033
-0.08970869042575835
-0.09020070514263279
-0.08981842055658634
-0.09013538719073627
-0.08975774030289929
-0.09024914261375722
-0.08986742554630411
-0.09018383856734613
-0.08980673386760918
-0.09029752919869427
-0.08991638518442086
-0.09023224080613251
-0.08985567290871022
-0.09034583530497164
-0.08996489904053517
-0.09027976532540033
-0.08990766349064855
-0.09039202276255903
-0.09001293670835664
-0.09032739411220181
-0.08996008326425692
-0.09043837004820554
-0.09006069150241625
-0.09037611015612307
-0.09001059466676659
-0.09048528098131736
-0.09010844667527512
-0.09042555472644598
-0.0900598700287909
-0.09053244653128312
-0.09015640930393104
-0.09047526353303675
-0.09010844149822217
-0.09057969089515799
-0.09020462949110902
-0.09052497331717313
-0.09015662118234974
-0.09062693917525849
-0.09025308232071905
-0.09057454648529051
-0.09020459165927158
-0.09067416840349002
-0.09030171099859158
-0.09062391970566697
-0.09025245799018816
-0.09072138026448862
-0.09035045212451409
-0.09067307167494398
-0.09030027926143214
-0.09076858531216703
-0.09039924767312635
-0.0907220043586599
-0.09034808664639687
-0.090815794522289
-0.09044804965657127
-0.09077072974147221
-0.09039589630355566
-0.09086301675216429
-0.09049682266888776
-0.09081926535371931
-0.09044371472762247
-0.09091025648256856
-0.0905455418715696
-0.09086762927942593
-0.09049154305586998
-0.09095751457814849
-0.09059419056951212
-0.09091583980871776
-0.09053937983241955
-0.09100478890598213
-0.09064275881995726
-0.09096391256881248
-0.09058722142161707
-0.09105207526101167
-0.09069124216185226
-0.09101186208258283
-0.09063506372542529
-0.09109936836290905
-0.09073963974648158
