0.326659097018647
8.339808562867688
2.175914491698028
1.483658158758984
0.9233107833971723
0.7543151026949095
0.646135136233658
0.4532383565994691
0.5535659329042351
0.4124838171759133
0.5062733355666921
0.3456712960064194
0.4443015094217853
0.3253645114749109
0.4004967151003438
0.2876233303513007
0.3672641104292934
0.2646819907254466
0.3356707735155096
0.2502368536197499
0.309240096085007
0.2278093426821855
0.2830199858994725
0.2343838345872109
0.2607266171966698
0.2097725042149555
0.2374711919138304
0.2095529946222864
0.2447964448165224
0.1987752260786208
0.2270467712411972
0.1938826445641192
0.2211132887960714
0.1911038993803043
0.2097676802747047
0.1858120249646421
0.2026743144983705
0.184104563956722
0.1968623919792615
0.1810968496012367
0.1876124145050071
0.1660221696465778
0.1919132041323334
0.1788320197600766
0.1841007082826701
0.1687488071740755
0.1801766215933489
0.1636293838465423
0.1737569461838203
0.1661502199538167
0.168636720149117
0.1584125632090924
0.166286678128134
0.1642914132598929
0.1584246715902558
0.1562263480224262
0.1596220176890861
0.1581715758594891
0.1539248609534623
0.1460426910502296
0.1567971170831654
0.1495815183120557
0.1580077136351479
0.1412443158861905
0.1401082118138414
0.151550804260898
0.1463741240281511
0.1518045751795601
0.137719007025413
0.1488990163156286
0.1332427871303031
0.1464856396932429
0.1345068471325415
0.1327587989373857
0.1480169628335012
0.127254704761366
0.141631677962789
0.1305061120801432
0.1422210779357689
0.1236711684566774
0.1387205281754442
0.1256253345123559
0.1265161611373573
0.1376294519462772
0.1220285877387501
0.1341710348385072
0.118551848401765
0.1364584405355715
0.1167678139335941
0.1308569057628832
0.1181889991910414
0.1183209459323939
0.1313159575554604
0.1158832714166936
0.1265766280283989
0.1134355043816082
0.1265965275829855
0.1680770087073933
0.1125383039692739
0.1239864629668315
0.11056578580163
0.1183825760651899
0.1216088063874068
0.1089709960841473
0.1212138293271298
0.1122281977168332
0.1172442760498945
0.1082643369256875
0.1170295435401861
0.109222455069939
0.1136380259372934
0.1076774914371109
0.1124181197743244
0.1074988204393147
0.1106555964044032
0.1063376420403721
0.1085072482029691
0.1059115016689899
0.1079863143328732
0.1049382362216504
0.1016362670386581
0.1077374177805794
0.10437153865287
0.1075408211344028
0.1006046966735336
0.1056257361340125
0.09885467321295222
0.1043608750765522
0.09977039598890014
0.1022230903344863
0.09733041301957457
0.09772101101501229
0.1040221451076989
0.0962260064511915
0.1020094699442922
0.09291566085995334
0.1017975734132199
0.0936114467378274
0.09971178763116295
0.09366478417313762
0.09158792417366174
0.1003870819173966
0.0898530629171897
0.1132802245746367
0.09967172463035628
0.0881439087663306
0.09841001776651848
0.08858866835743656
0.0971857126664317
0.09055448253587361
0.08765876276239196
0.0961822842056464
0.08685882753664462
0.09624345651408533
0.08451142841757608
0.09472010979668985
0.08429875627697669
0.0939561280665438
0.08573490406146378
0.08431027463586588
0.0923787502734954
0.08446726558558254
0.09129314961443508
0.08139181822792924
0.09101827978756952
0.08209308189837028
0.08875966942942326
0.08196798482435358
0.0807349973675193
0.08903443292263802
0.08196945774873415
0.086753551864794
0.07869513624129232
0.08820590999726957
0.07870919110571173
0.08563890877826669
0.07714264066368243
0.08568995976279692
0.07828070190943776
0.07849685776943777
0.08350782192015183
0.07697539438632731
0.0837257447796122
0.07536693809265299
0.08285147853628022
0.07480655674124834
0.08169917439948221
0.07461012538961201
0.07519236721749875
0.08079327266135233
0.07458402030854011
0.07994860925707975
0.07227824794345486
0.08016744545038262
0.07255999526026044
0.07801697094469884
0.07727318505820602
0.07114870574499588
0.0721343607861441
0.0782275890998248
0.07222242663253509
0.07738989964463661
0.06945602991536837
0.07747854236154203
0.07020775558858591
0.07546184828358543
0.06876466924398189
0.07550479865520493
0.0687362887150845
0.06995850033330178
0.0741963800253464
0.06746445535541912
0.07480773335947757
0.06749553249428314
0.07317209874681119
0.0658317200932356
0.07307811485573784
0.06575851474510172
0.0725401645492818
0.0652119870620102
0.0656980319643749
0.07197144213815038
0.064844505587204
0.07126502688553549
0.06345055298291136
0.07024935775253927
0.06314588171067548
0.07046706626474852
0.06192509373101354
0.06888517388852805
0.06299310881715747
0.0632089475985039
0.06865874821185847
0.0619488150301169
0.06733130458791281
0.06105781445849229
0.06809271095088953
0.06038812149862613
0.06614884626926981
0.06010706549976422
0.06640735713862028
0.05976912695362058
0.0603091056429727
0.06472387702011961
0.05986148445069972
0.05918488572853148
0.06572265371206876
0.05860851903385475
0.06414576708003228
0.05819078559546731
0.0639316162863961
0.05719621700737582
0.06356364506611709
0.05697518895246356
0.06263225347312773
0.05750692607345104
0.05689069130766122
0.06225054061842772
0.05640058037809675
0.06170417303739995
0.0556866305478162
0.06149011767308138
0.05474894619077875
0.06030046755872309
0.05461789878008877
0.06067026401530945
0.0537561777917428
0.05513096176859428
0.05919568107305356
0.05431811322141661
0.05923552531774734
0.05323589356100911
0.05758268484553641
0.05340477788903042
0.05834601988296051
0.05185947766397192
0.05709906025167449
0.05209773149484392
0.0572780813508828
0.05206636611491305
0.0519246561893667
0.05547166931862813
0.05217608036694138
0.05601515815286601
0.0502737137821645
0.05503982204514701
0.05086396158281986
0.05474595924507891
0.0491549116218466
0.05431296089076426
0.04983631948171829
0.05372774355794901
0.04960233686508758
0.04911000916376107
0.05292414710458737
0.04972145141670531
0.0526069123008176
0.05369185410336907
0.0477762969163642
0.05251102994600604
0.04822160848515478
0.05202994381334164
0.04676505203297732
0.05190461151638642
0.04712845436148905
0.05108438321816366
0.04734530293945927
0.0465783345025802
0.05073013498362988
0.04692671819533978
0.04998545874242044
0.04555447175416028
0.05013688578537862
0.04561830265770794
0.04884189502472275
0.0446032964147382
0.04953655227529208
0.04462793263985732
0.04822550782822521
0.04390036772472677
0.0447520739906821
0.04885075815150192
0.04432386152494178
0.04708338665722461
0.04351198760617181
0.04743777422892331
0.0431127435989988
0.04666192565938315
0.04243090346919653
0.04645807033108751
0.04218058160105143
0.0430802478715846
0.04541341427748846
0.04245085533958454
0.04546495560427322
0.04171050801128184
0.04501637750390808
0.04136726943521418
0.0443629387179621
0.04070382695001612
0.04456409864507599
0.04037436672721045
0.04353581172817983
0.04007882177596694
0.04066301413167678
0.0433246485976686
0.04035621731419581
0.04261759643350355
0.0502541943375503
0.03935779649504428
0.04300414016991994
0.03923412993268593
0.04218028179928079
0.03837617495472395
0.04259922286023388
0.03825597170023404
0.04137778361340627
0.03807292810324653
0.03832805725556337
0.0414005929049448
0.03825047859601005
0.04050567682863615
0.0371320403589861
0.04104331422455104
0.03725625143457212
0.03980533793252894
0.03651496377060265
0.03998191193554435
0.03641479101358802
0.03932579159272126
0.03565800270516534
0.03922936688012513
0.03596082890157903
0.03636704456536233
0.03824621366580433
0.03557799747532514
0.03827024707135818
0.03551031345908062
0.03778930183327844
0.03454605542717881
0.03734720253778939
0.03470818399400299
0.03731756402084596
0.03372479958216412
0.03662197072114509
0.0339218501476295
0.03680879600433939
0.03350031988393537
0.03379649408826324
0.03590258883217229
0.03375784144835764
0.03578848703065107
0.03273653061795162
0.03494489962304637
0.03298679590787057
0.03533078921766375
0.03190703840974207
0.03427522697179797
0.03224801900894131
0.03476630352415727
0.04250352317570538
0.03148884584404654
0.03186431279828039
0.03400854108994184
0.03196351456165808
0.03400179384651497
0.03087984749789469
0.03316884336111092
0.03098077732175086
0.03364640724522322
0.03004153678226978
0.03254931613548145
0.03044461264331294
0.03283506350235937
0.02974153919365241
0.03003181197783505
0.03177575513947928
0.02994438827873985
0.03235581918232305
0.02916796483642975
0.03130833822909629
0.02936463425117175
0.03119680665782465
0.02843863474170527
0.0308878060618491
0.02858652484462337
0.0304923619731608
0.02792474701880632
0.02839866241314337
0.03002317288486861
0.02846581463579295
0.02969821870392919
0.02765298380485787
0.02961344901455826
0.02756885128718883
0.0288775634052264
0.0269590836122543
0.02919589232598946
0.02684369945151538
0.02824352296169652
0.02630017355275116
0.02871913148658112
0.02618560120118235
0.02785536700456631
0.02593301876985221
0.02634601766768074
0.02811811067550818
0.03502501124623425
0.02594171654722555
0.02729047664956441
0.02530905126363492
0.02764455760165313
0.02516426822837703
0.02671208015533066
0.02470372333897741
0.02705165688056871
0.02448383988112679
0.02636424840369955
0.02405774607183037
0.0247649614639322
0.02646699739998348
0.02430631642935821
0.02552302229815706
0.02396311362400361
0.02560084780501048
0.02352991066942878
0.02520654350027712
0.02323367921080399
0.02492597020238008
0.02288229284591253
0.02485295184415842
0.02254525465105411
0.02436130393789232
0.02277413616599644
0.02283060756300215
0.0239360603762056
0.02258644720233599
0.02366191176798182
0.02202767051220722
0.02362744165805192
0.02187338826567992
0.02296160040700801
0.02136913641547189
0.02328789246926261
0.02120458857757884
0.02238449769171658
0.02079405072598878
0.02291337166512863
0.02056241748815019
0.02197026683890746
0.02055981547042895
0.02099710202085903
0.02217546412758442
0.0258934673622333
0.02047459917591421
0.02153816205784637
0.0199121636951417
0.02180696209053168
0.01979258792899519
0.02091376293334685
0.01946625639420219
0.02126652144123642
0.01918081762715929
0.02055802347514418
0.01891580861574005
0.01949478133738919
0.02065479177905039
0.01915438141930165
0.01978503235030837
0.0186951324605103
0.01990499100480331
0.01853838755147041
0.01944873552774529
0.01804294471580759
0.01930277339940012
0.01795012462587381
0.01909352472779352
0.01748039721732758
0.01878859080078721
0.01758993568283784
0.01795205938476996
0.01831356519697824
0.01739909965625663
0.01810783020848117
0.01734467940072054
0.0179839112228708
0.0167208178177306
0.01747668673379627
0.01677085837002767
0.01764108256604946
0.01614587616577506
0.01694732033038643
0.01621387618852405
0.01727771380495713
0.01566321077608823
0.01613699189389955
0.01639720150999113
0.01736597498416081
0.01608493006709361
0.01662734624512491
0.0153796097054687
0.01612467698458392
0.01550285566715592
0.01631486077525013
0.01477383071395988
0.0155650061365385
0.01494576439676282
0.01598307446574099
0.01424602562096494
0.01523048285823536
0.01441135754886447
0.01547745857251231
0.01441518541457393
0.01419119296368815
0.01453255359943878
0.01432300340306647
0.01494022963077118
0.01354069785493706
0.01417700521254717
0.01385982431965388
0.01428466529605793
0.01297964055569423
0.01384358487710224
0.01332231817946106
0.01375773112165801
0.01264645283540727
0.0129973181211322
0.01318749783223194
0.01322173686478256
0.01314701271782481
0.01242986138876795
0.01287973542696391
0.01258000614607974
0.01253996015519332
0.01189939684988855
0.0125645754800906
0.01203687399072162
0.01203139459868485
0.01138893695114729
0.01223327937665453
0.01155606125786163
0.0117599854257272
0.01108791942144449
0.01173965122729614
0.01119546698307688
0.01188088203519477
0.0117999581653952
0.01082744899070021
0.01114960910123686
0.01096984704112619
0.01122791617225821
0.01029075630353299
0.01063291635615654
0.01066859074397042
0.0107304482353045
0.01013445473376284
0.009488240951521787
0.01089887033360848
0.009748531407107297
0.0109198239850809
0.009026141628177109
0.01049451994516987
0.009160655218127423
0.01034644095079557
0.008779933451425082
0.009933614793260048
0.008640599430367435
0.009850249737137107
0.008673004124374217
0.007881245656742752
0.01024770130082053
0.00785369957077553
0.009947046169073215
0.007652289257303713
0.00966446814276023
0.00725597865601757
0.009398040167436728
0.007406740480526197
0.00912308899404507
0.006904422737310678
0.007093447428337896
0.009079527808336874
0.006662531416320117
0.009276902111426621
0.006446229062613051
0.008571840504882633
0.006287782504949158
0.008753010665743743
0.005893368206224492
0.008308956895905772
0.005773637182965585
0.008246079285951669
0.01111175994695301
0.005939073116358939
0.006025719234082516
0.007557419111301533
0.005830376296734108
0.007988099569728013
0.005411112749791391
0.007307521062260347
0.005453801256536883
0.007262418582500041
0.004880272022865229
0.007060920961836969
0.004943157457214242
0.006776043482957628
0.004796723937205982
0.004985967972011396
0.006305181504229485
0.005142091021928197
0.006093106407049798
0.00439528815136514
0.006071972731940989
0.004617604698630429
0.005551585110553203
0.003893691792373033
0.005825301727224119
0.004125356011313752
0.005154378120922065
0.003555832532286585
0.005378322096116883
0.003669715359812531
0.004877446667381047
0.003662801090462631
0.003663563237319589
0.004773575206673375
0.003776168204759622
0.004186516219919945
0.003131910968642904
0.004269587471975922
0.003244112933062648
0.003942677608295697
0.00264831659575715
0.003800354016426366
0.0048003073208438
0.002752701180960881
0.003741240280236813
0.00237247661969231
0.002770516360474873
0.003586044367743513
0.002718832793750181
0.0031128746031302
0.00224932617994611
0.003027640434826506
0.002212286856909051
0.002883498931155248
0.00176560292313499
0.002559178056645017
0.001769903240959603
0.002638629687092997
0.001306960557030723
0.002151013491550058
0.001518251860015085
0.001768694287083261
0.001993183474793492
0.001412750502004623
0.001600522582098363
0.001255651721952522
0.001768216380319709
0.0009359822691931141
0.001147341027510296
0.0009232548415473163
0.001378571304522458
0.0004996279966330563
0.0008945761493383553
0.0004936313295541006
0.0009701263613402511
0.0001480472816103306
0.0005879370981116683
0.0002966533097910617
0.000475588850208597
0.0004133640115130399
0.0001358114246857167
5.569185313664127e-05
-1.205483066107904e-05
-5.591677293165231e-05
-0.0002919684699099201
-0.0001928016833633861
0.0002249751376357523
-0.0004866871264412875
-0.0001689794235942843
-0.0007475587453171229
-0.0003843027895154005
-0.0008841397036364329
-0.0005015044453596795
-0.0009390048354379621
-0.0004343617744477224
-0.001221169406194433
-0.0006498482410680628
-0.001435442573341827
-0.0008710613146604707
-0.00145070762235433
-0.001094249905155831
-0.001859655697628304
-0.001288224259385573
-0.001691528685733412
-0.001491600128629866
-0.001936651437136006
-0.002543550159314345
-0.001039643355225939
-0.002452703663672118
-0.001321969360779718
-0.003031589552901226
-0.001367912958911588
-0.002787066958583106
-0.001771844360571651
-0.003236001199511951
-0.001815476213689382
-0.003205971903719351
-0.002171628666872649
-0.003195596223748542
-0.003778935904037162
-0.001725808916014593
-0.003871776793247517
-0.002072165944097981
-0.00416487725813669
-0.002005214902172314
-0.004344051303115826
-0.002295228504637592
-0.002555407424603084
-0.004312934218936637
-0.002463446843259665
-0.004468011901413771
-0.002955501862840826
-0.004298410987448709
-0.004427525735443083
-0.002791883332931566
-0.004906284068899591
-0.003024714639428938
-0.004848630378315788
-0.003016744745674704
-0.005368410122008838
-0.003473139665074509
-0.005246553326319681
-0.003246602551182365
-0.00569574878307727
-0.005175378080611581
-0.004033252244245333
-0.005150294580624215
-0.003872936430662999
-0.00562421119440798
-0.004417721438563227
-0.005479620384188366
-0.004341815058014453
-0.006028273067131273
-0.004641938453396388
-0.005908803518249572
-0.004758540967574221
-0.006412585319988451
-0.004872510910160721
-0.006290619407521902
-0.005125804436096559
-0.006184933486699851
-0.006249545898079689
-0.005481134686644351
-0.0062193051729309
-0.005718347180270089
-0.006647800896573519
-0.005701369056261452
-0.00664780274995691
-0.006134444503986147
-0.004044448071111262
-0.007046376068724047
-0.005870839228741376
-0.007077017676734243
-0.00623646547490625
-0.007318333861490889
-0.006903102641442338
-0.006442386195125605
-0.007031804900537952
-0.006785660983976538
-0.007305592785348869
-0.006650097140173783
-0.007464003831099353
-0.007173328180574257
-0.007609317722900022
-0.006975024769787952
-0.007853319921761692
-0.00737094790694004
-0.008004743081939658
-0.007341725154845324
-0.008205473524785845
-0.007580500077333685
-0.008309868024431288
-0.007860257754114974
-0.007816427123152392
-0.008209790204457501
-0.008134172833202835
-0.00827315293283698
-0.00824018670129617
-0.008602173530562085
-0.008328525026798428
-0.008663046160936938
-0.008610056643624298
-0.008955586012585615
-0.008534116143641302
-0.009036394045954188
-0.00892218290104474
-0.009290687417399635
-0.008728908902870647
-0.009281058033889678
-0.008732742586469167
-0.009345031494599532
-0.00944085038750675
-0.009176164659104036
-0.00940872266756454
-0.009139571470710706
-0.009820774674858257
-0.009535864433039165
-0.009600784011726426
-0.009516785561627217
-0.0100245692121036
-0.01043149134212557
-0.009361217449487202
-0.01028863282822767
-0.009258658477618531
-0.01078851975145539
-0.009644520833450576
-0.01066269341912923
-0.009636231506697679
-0.01097831513606617
-0.01002343915340742
-0.01102982764291421
-0.009997057562696199
-0.01104777267503088
-0.01162702463832288
-0.009854431044201195
-0.01159847274711906
-0.009792383848962694
-0.01181757086165736
-0.01025740580350415
-0.01196919610930902
-0.0101929966354426
-0.01201409422420463
-0.01061815745165601
-0.01233279474260163
-0.01053922065821089
-0.0121153424295361
-0.01231345840033693
-0.01069508539490344
-0.01218289641939257
-0.01115675997683718
-0.008111881772152607
-0.01268003676980611
-0.01084314384315388
-0.01262461509291146
-0.01129253786330026
-0.01293647164925377
-0.01114212769835909
-0.01297958550862488
-0.01151775638289437
-0.01320614798942227
-0.0127215406455517
-0.01162295837628774
-0.01288410106988885
-0.01208890338064439
-0.01311663550032721
-0.01205214275988459
-0.01327314694900761
-0.0122658976343632
-0.01348686357685508
-0.0124244312922443
-0.01362043765270604
-0.01245074030305876
-0.01383895155202319
-0.01275501825449393
-0.01372824623336433
-0.01353506763612222
-0.01301161179602062
-0.01366161068001215
-0.01327792511643022
-0.01391936809299882
-0.01318623452135159
-0.01402549629100319
-0.01364526008050976
-0.01426286017494222
-0.01336859965608539
-0.01437186718540928
-0.01384219750571852
-0.01450846725113281
-0.01376478136781412
-0.01130813864297586
-0.01470054590979408
-0.01420553370689903
-0.01419980431816759
-0.01459961864207365
-0.01402957894814366
-0.01457517576854317
-0.01449060222992399
-0.01485808757934359
-0.01439158552101016
-0.01491725119596832
-0.01467130524262994
-0.01519690734734952
-0.01472213953600615
-0.01524571293975768
-0.01485920607430019
-0.01550679173920783
-0.01502118904216487
-0.01543034275496186
-0.0151141721684333
-0.01537049022230474
-0.01547195366850018
-0.0155014159252897
-0.01545527602015517
-0.01554745567029936
-0.01581869783840467
-0.01584094351991905
-0.01578162002591293
-0.01573081223341416
-0.0161338560707433
-0.016146079656774
-0.01609729351015726
-0.01592177919212096
-0.01642560797700865
-0.01608637651475203
-0.01675301572019744
-0.01421498559838241
-0.01584242467118879
-0.01651200513898937
-0.01628683324175151
-0.0168619211777104
-0.01619055396325647
-0.01667640853540525
-0.01662382402234808
-0.01710950038126002
-0.01644643741381779
-0.01698941581916019
-0.01692949435600927
-0.01713652289929402
-0.01773384730251232
-0.01616812402921503
-0.01757804264501556
-0.01671205448401575
-0.01788601724308436
-0.01660058207343573
-0.01793863733451811
-0.01704136705708309
-0.01805601757162756
-0.01692654863998133
-0.01825833432193136
-0.0173569281197779
-0.01799634831462565
-0.01848507861864901
-0.01691051608569594
-0.01877157843300309
-0.01716466566912489
-0.0187874456787957
-0.0171380787160722
-0.01910160225976743
-0.01750486552973629
-0.01896113713991993
-0.01745173124050564
-0.01924914264002325
-0.01887374567240602
-0.01802575258910766
-0.01397151664779805
-0.01907930359328669
-0.01774246021140791
-0.01920721539003833
-0.01816264027792258
-0.01942475052207315
-0.01790228002430944
-0.01953861652072358
-0.01832836270228028
-0.01966097752107515
-0.01831935865943041
-0.01984844173649286
-0.01850113609799103
-0.01981824630285567
-0.0195337319028811
-0.01881357314459337
-0.01967633633139992
-0.01901127649804202
-0.01989110266336197
-0.01917077390331545
-0.01999229426309129
-0.01917811024512311
-0.02021184440000456
-0.01948753884721294
-0.02029488128996382
-0.0193501505538019
-0.02050480956981032
-0.01975736759033547
-0.020547816625195
-0.01958438221279618
-0.02036219179252513
-0.02042073279636958
-0.02023659471907646
-0.02014839341475838
-0.02044650732395165
-0.0199634674670664
-0.02079129782303757
-0.02033378447587847
-0.02075395116206208
-0.02012637228986097
-0.02109246170553924
-0.02052936095094748
-0.02099960136419671
-0.02044591518486522
-0.02127729683016222
-0.02101501064777478
-0.02100438116943604
-0.02085569436205564
-0.02090661132642507
-0.02133305085616533
-0.02116260667201125
-0.02118271889627416
-0.02123323892678763
-0.02163549388474933
-0.02132502127269054
-0.02147949902320007
-0.02152619564409269
-0.02192630118937994
-0.02149319887514101
-0.0217532754681124
-0.02163180690078642
-0.02208857452052715
-0.02167786777340286
-0.02207105292080364
-0.02158405030292726
-0.02241565009535568
-0.02197765654205258
-0.02223057559614272
-0.02188100005156851
-0.02262426799600203
-0.02221390277752544
-0.02253204351619165
-0.01893061614620528
-0.02220233829057466
-0.02255587348662491
-0.02301044275269609
-0.02203848863055313
-0.02288647938274707
-0.02206591284341425
-0.02328265711946559
-0.02226188554894609
-0.02317916453516589
-0.02236864232168562
-0.02342584401941095
-0.02257146247257696
-0.02347396630269494
-0.0226460639882517
-0.02342117453900566
-0.0238967527236148
-0.02239270695532736
-0.02397650682258856
-0.02254744905905576
-0.02408865059786852
-0.02266224131297245
-0.0242975226953987
-0.02284388850394964
-0.02423092790438303
-0.02296585557548692
-0.02444184328661769
-0.02416097329809364
-0.02330291162451575
-0.02430832223554835
-0.02318963916622302
-0.02449042537976093
-0.02358082542643375
-0.02452226185598866
-0.02347693308785753
-0.02144393181233006
-0.02483436417730772
-0.02368135676431676
-0.02480536272546668
-0.02356000267100522
-0.02506491722791504
-0.02471815019306217
-0.02417076329491136
-0.02459998505364547
-0.02404519346145484
-0.02504265621084789
-0.02430792950826433
-0.02491095527379039
-0.02436470041077543
-0.02533587089067491
-0.02444977980940477
-0.02520648622147004
-0.0246511213507794
-0.02560498499265401
-0.02459769620131463
-0.02548999414930403
-0.02491207682614632
-0.02551037378822241
-0.02548437176884288
-0.02506539278531783
-0.02536510898521016
-0.02536342712590245
-0.02577152950076717
-0.02521465089948438
-0.02565590393982542
-0.02558757002162015
-0.02598744538242037
-0.02549374827385498
-0.02403130974784329
-0.02596921669250701
-0.02568824707484552
-0.02625374300199784
-0.02555386804703963
-0.02619561311328483
-0.02590546658639131
-0.02612671654431431
-0.02617873569680457
-0.02590037996702721
-0.02620073129087358
-0.02626945736350794
-0.02639034232474818
-0.02626718787484988
-0.0264733366315843
-0.02640923952082808
-0.02667351924553357
-0.0265338837158352
-0.02672575288082407
-0.02655524158453354
-0.02694603244619231
-0.02656583674188268
-0.02704761616091472
-0.02656748687505578
-0.02709355149377479
-0.02670586938259267
-0.02734315402770332
-0.02684074777033491
-0.02723083466141768
-0.02698699500305984
-0.02759847273424321
-0.02703749779655279
-0.0274461288546855
-0.02725386587992695
-0.02704727415444719
-0.02741341438651912
-0.02788589864415397
-0.0270080223692632
-0.02783769747572817
-0.02702463757130991
-0.02818646635262956
-0.02728415219067626
-0.02796852371351444
-0.02730844803013271
-0.02833100823682683
-0.02747950146978401
-0.02829531509019378
-0.0275772348792645
-0.02822488212351648
-0.02876105213279262
-0.02739620557884059
-0.02871525380295009
-0.02741864807985256
-0.0289515807410462
-0.02763430546671325
-0.02899519969811482
-0.02770178253139277
-0.02909071856191531
-0.02789429298616319
-0.029262875311313
-0.02795977176608289
-0.02903045227903567
-0.02918246412778314
-0.02814893300032795
-0.02905680953503348
-0.02843233579365656
-0.02870736459535816
-0.02946597312442933
-0.02823593047533968
-0.02935688625465022
-0.02851507534777759
-0.02973217860349087
-0.02837624129438338
-0.02961722848959047
-0.02872285882195291
-0.02985791634263052
-0.02946438443151855
-0.0288017017531515
-0.0295285569666407
-0.02916340595068223
-0.02975551825910122
-0.02910681287002831
-0.02980485138480576
-0.02929276971703859
-0.03003164479809395
-0.02938096658737244
-0.0300585324559306
-0.02942679414858124
-0.03029586194771927
-0.02963076878175991
-0.0302591090781042
-0.02998098547853151
-0.02985789168588354
-0.03012843362684159
-0.03004978478735365
-0.03025429560176934
-0.02998594559057061
-0.03040072692644613
-0.03032037490267231
-0.0294496138350091
-0.03054802080704305
-0.03007545955161162
-0.03064153152695565
-0.0303762999179889
-0.03078586387836529
-0.03020918632590114
-0.03089791933394953
-0.03052203061415609
-0.03087105967803888
-0.03062600283031125
-0.03071978089014288
-0.0306585931458136
-0.03105924693755113
-0.03081767938056273
-0.0310032316471951
-0.03091900224574506
-0.0311898192989431
-0.03106663190209125
-0.03125282992123252
-0.03116968274665027
-0.03131335108027894
-0.03167760746718085
-0.03091388372104636
-0.03173806977895882
-0.03095540331248764
-0.0318029812079767
-0.03117996907179399
-0.03200719532982782
-0.03121209454494506
-0.0319321967262034
-0.03142540331104077
-0.03225242769113895
-0.03125850687747356
-0.03144031343922543
-0.03202256252415459
-0.03169783953336847
-0.03203946001111985
-0.0324825313437494
-0.03124453135226951
-0.03248406905552587
-0.03156926685214445
-0.03275451377504623
-0.03149164634342605
-0.03264526732168505
-0.0318301905513742
-0.032938232294
-0.03168872674300632
-0.0328955478676467
-0.03206588821427753
-0.03278213516664436
-0.03280080864609752
-0.03206354580834736
-0.0331263998081136
-0.03208188853000982
-0.03313760997993909
-0.03218709494389299
-0.03338756406190829
-0.03234459823379121
-0.03337947293785232
-0.03231449414814541
-0.03363752981332574
-0.03258457168758117
-0.03342180144891932
-0.03327872469367399
-0.03274321594144552
-0.03345227738589807
-0.03301211186827824
-0.03017674697128303
-0.03357839388990064
-0.03282370862160527
-0.03368419406497308
-0.03308391933926935
-0.03382062463034796
-0.03294636467813883
-0.03393543736643484
-0.03327105130518715
-0.03399738072744063
-0.03317904854163173
-0.03405305537799547
-0.03376027493460582
-0.03368086445909474
-0.03391215489010718
-0.03359508434459346
-0.03401567001775802
-0.0338029236686439
-0.03416426258008509
-0.03385184806698521
-0.03426013663579719
-0.03392824204951689
-0.03439754940828355
-0.03408674994442845
-0.03449587760007555
-0.03405757510485441
-0.0346158048931019
-0.0343017498457488
-0.03456648489805803
-0.03426502142534105
-0.03430408503812732
-0.03449500341316697
-0.03450259178973125
-0.03463515720064997
-0.03448748780423194
-0.03461495943238635
-0.03473923467310208
-0.03487441022237775
-0.03472556932631771
-0.03473895307153502
-0.034959983913532
-0.03502780501081304
-0.03532263940449576
-0.03451502104371862
-0.03519335585829625
-0.03482751168169684
-0.03550670928620009
-0.03469277347402033
-0.03545436725125695
-0.03506325427256818
-0.03562060177444987
-0.0349407226959858
-0.03568943064921642
-0.03528295953832644
-0.03573925958992963
-0.03517932949981201
-0.03563839899775068
-0.03610825033733606
-0.03511851271140537
-0.03617668581260175
-0.03503676084536356
-0.0363650743267826
-0.0341910614690315
-0.03533407405163991
-0.03625393144753758
-0.03531006332512465
-0.03642090181112057
-0.03557077806019254
-0.03630418979262739
-0.03642483944257524
-0.03543860349046946
-0.03654569141124764
-0.03566652861504704
-0.03667140193895907
-0.03555318359139981
-0.03679264508422669
-0.03585914961233139
-0.03684584828343102
-0.03578355777931791
-0.03702653563570696
-0.03598036172051317
-0.03703839062519332
-0.03673140038342598
-0.03618857977886086
-0.03685394120812518
-0.03637987014928629
-0.03698317094044978
-0.03644811059364128
-0.03709210831764753
-0.03649770860692025
-0.03721530891125935
-0.03668470586788952
-0.03732093775084971
-0.03661869898815051
-0.0363101944121107
-0.03747207554713317
-0.03672790629393829
-0.03746875130218641
-0.03712462412192419
-0.03696939368742297
-0.03738915200204007
-0.03712349217427985
-0.03736479541058096
-0.03708295698173858
-0.03762294990405313
-0.0373625286721308
-0.03759515959651849
-0.03719969942686019
-0.03784041853701658
-0.0374948538484709
-0.03777075344474362
-0.03745463577059127
-0.03802385632752292
-0.03774028330794305
-0.03787133219802352
-0.0376433281745106
-0.0378313748348415
-0.03797740473434463
-0.03798490660221027
-0.03787417498081602
-0.03806805224712922
-0.03820479394694948
-0.03810149870977741
-0.03808900288470374
-0.03828590349371053
-0.03659358957984615
-0.03839830306509279
-0.03818190196896265
-0.03833189939403125
-0.03823395290207948
-0.03854794458562932
-0.0381881177573572
-0.03861509056685203
-0.03820149336558776
-0.03878906736201682
-0.03841798154704734
-0.03872716367420925
-0.03841886781389553
-0.03901031435726815
-0.03863937778252952
-0.03884285879984756
-0.03862264546797378
-0.03894405273181639
-0.03941740978571717
-0.03845095531449172
-0.03925410539484325
-0.03851315237806835
-0.03954511755570617
-0.03861593179462303
-0.03953908855857186
-0.03873011410295674
-0.0396521165540108
-0.03884606337539687
-0.03973166888269319
-0.03970659369208729
-0.03882853080398097
-0.03863861151745152
-0.03978410647209363
-0.03885472563743636
-0.03998220360551713
-0.03890086431254769
-0.04001317144047417
-0.03896558456656618
-0.04020368899144322
-0.03912853832020163
-0.04022925698336943
-0.0390857640029425
-0.04025216541268284
-0.04008901746961652
-0.0395194523547453
-0.04006111424987557
-0.03946491929789459
-0.0403219044011337
-0.03975241653823075
-0.04022100713290311
-0.03964817200127152
-0.04053886065883572
-0.03985868857949992
-0.04044785358798558
-0.03986760025456249
-0.04074165882872571
-0.03996855033649799
-0.04066628466871303
-0.04007103932433742
-0.04060343807694861
-0.04046849970885269
-0.04058649439260814
-0.04030814337950228
-0.04057555840121729
-0.0402834573844012
-0.04081303207993886
-0.04041542218887123
-0.04079292207272656
-0.04050767611048434
-0.04103052596721879
-0.04052556398527796
-0.04099596238931152
-0.04071484850422091
-0.04121321098038233
-0.0408746937294987
-0.04088368910867135
-0.04092698650587995
-0.04107865032014474
-0.04109830497522166
-0.04099010313400014
-0.04114218761431748
-0.04126856320108524
-0.04125776500673689
-0.04118659918867884
-0.04134430073302298
-0.04137444497135384
-0.04147504582381761
-0.04139047545511487
-0.0415346784109541
-0.04144409784450209
-0.04179878874408299
-0.04125246754370021
-0.0415427123713048
-0.04164891542179749
-0.04145395971941446
-0.04185964436381584
-0.041448126679617
-0.04187250680571208
-0.04165796314775871
-0.04196155660907225
-0.04166732625658404
-0.04207888846481916
-0.04184973420491078
-0.0420673224976067
-0.04187879762411106
-0.04196709616487876
-0.04246993377317593
-0.04173975117975398
-0.04246628030314309
-0.04168940160726464
-0.04269230445147976
-0.04194307270802583
-0.04256709737538489
-0.04190677099386264
-0.04284194541677633
-0.04209278459259952
-0.04277078350137103
-0.04211502123714733
-0.04262787241581317
-0.04307015857674606
-0.04213655958374357
-0.04296257211834564
-0.04212193289300653
-0.04088730236237659
-0.04326381387967504
-0.04220131785274384
-0.0432019590875895
-0.0421757991432411
-0.04339443082811928
-0.04239012536036352
-0.04331423335229939
-0.04308983680203343
-0.04255410281092842
-0.04330190470458201
-0.04267516399646987
-0.04330990214700076
-0.04278394836677191
-0.04351586614842179
-0.04277905544601335
-0.04351451891322733
-0.04299535064715532
-0.04372173136184676
-0.04288558080295168
-0.04370639389187103
-0.04315048947064543
-0.04383295455015213
-0.04349272371855517
-0.04324466251963005
-0.0436260399504696
-0.0435072724281737
-0.04371453706653827
-0.0434682115860982
-0.0418611610613171
-0.04386617299079287
-0.04357113833342841
-0.04389418567521847
-0.04351661165704579
-0.04405854708674112
-0.04367168160938201
-0.04410254998012408
-0.04371207045668796
-0.04415650637879326
-0.04398524401895337
-0.04402161270975313
-0.04394369330285725
-0.04406254499053969
-0.04418907233580599
-0.04411821264168081
-0.0441578867936176
-0.04427083481859473
-0.04437998346925459
-0.04421799798065168
-0.04436403525976018
-0.04446425477990573
-0.04456027977237764
-0.04432126649638413
-0.04456340778162232
-0.04439703855062016
-0.04485977153178522
-0.04407673593563555
-0.04444526803243942
-0.04468207531185397
-0.04436428268300813
-0.04491248369146128
-0.04465161461268419
-0.04478181504935896
-0.04455640106923769
-0.04504007204726551
-0.04480211804740925
-0.04500374830316872
-0.04473824220973976
-0.04499765511507392
-0.04542346554856952
-0.04460072303656215
-0.04539285083082917
-0.04463613751125001
-0.04551646582191199
-0.04481487423363606
-0.04560273341715215
-0.04482704629140327
-0.0456125310758379
-0.04502060541566993
-0.04569584366952029
-0.04570037872613908
-0.04497515143472591
-0.04587766749020333
-0.04493986821734597
-0.04590649810726466
-0.04519042773760162
-0.0453261600110153
-0.04603848652312931
-0.04501549467239641
-0.0461353332711068
-0.04523732874932423
-0.04613652582874284
-0.0452164590066414
-0.04619206953606836
-0.04602958984777611
-0.0455975971586367
-0.04607841268240154
-0.04545794066199915
-0.04623421446205989
-0.04571433216606757
-0.04622101273162271
-0.04571344280220241
-0.04642604857840565
-0.04580952933770988
-0.04642480800989435
-0.04591009749104025
-0.04660652198677084
-0.04590768863903816
-0.0466213744724302
-0.04609360143952923
-0.04651398634296283
-0.04652467592439502
-0.04625483533123842
-0.0464576671989067
-0.0464444229028585
-0.04602708966647118
-0.04673384373913037
-0.04631485542039493
-0.04664459525576897
-0.04649026337711887
-0.04693020666961578
-0.04641300750997263
-0.04682558373587459
-0.04666163960134523
-0.04707298654945663
-0.04655909602413549
-0.04701475821526208
-0.04668917190986421
-0.04705614729056962
-0.04685727532999134
-0.04697961184878102
-0.0468751042425965
-0.0471478206601989
-0.04706124909540654
-0.04717808364398074
-0.04705582716584678
-0.04724235295338602
-0.04725762402793937
-0.04736287803567962
-0.04722683867325123
-0.04731372864677674
-0.04761850519910321
-0.04705703241919984
-0.04774656175314168
-0.0465788983688995
-0.04715722234569536
-0.04767521263418456
-0.04722408212952001
-0.0477938593737649
-0.04733939211214228
-0.0477665793176979
-0.04742203751848095
-0.04796235340969734
-0.04814905684680182
-0.04723796825050391
-0.04812052426591734
-0.04724559459870198
-0.04836039223439303
-0.04742776472357985
-0.04820888729263884
-0.0474475138140425
-0.04845448452374063
-0.04756542173270606
-0.04844397926175814
-0.04764074504302701
-0.04846432532349271
-0.04844580093781609
-0.04781533233462093
-0.04839350202372
-0.04786648866250742
-0.04863837300328999
-0.04790562013544641
-0.04859396289100099
-0.04806560339486982
-0.04730738766524301
-0.04885497219372192
-0.04796493084886894
-0.04875201874033191
-0.04810519755716863
-0.04894373935482288
-0.04868728238171027
-0.04829886260389027
-0.0486609590413965
-0.04845602710272151
-0.04888609055974474
-0.04839040907542835
-0.04885041552054414
-0.04863284593854789
-0.04902188039354544
-0.0485618294595917
-0.04902882695871014
-0.04872398595406713
-0.04921428467589989
-0.04874575241916329
-0.04919743948143723
-0.04881789166943512
-0.04932811627196637
-0.04905321964257253
-0.04907295018012053
-0.04912889612542404
-0.04914002202512296
-0.04925098042842035
-0.04926829887978496
-0.04748996898282609
-0.04934157383268323
-0.04919766113653462
-0.04940616596340347
-0.04930654089215908
-0.04951102175844951
-0.04928891508731353
-0.04959303903246642
-0.04947640054406077
-0.0496790807686433
-0.04939131030378885
-0.04965446795411593
-0.04940024262061632
-0.04987558102607437
-0.04956875015537704
-0.0497423382976061
-0.04959155176816765
-0.04997995521838711
-0.04970060244204366
-0.04994861927208294
-0.04977533983153004
-0.05002656088003593
-0.05033360750778476
-0.04958628362032969
-0.05031311783076564
-0.0495976346534765
-0.05042027945619548
-0.04976909679133085
-0.05050488662083141
-0.04867517258659149
-0.04975036595751842
-0.05047630609740567
-0.04997718284506403
-0.05054136776166734
-0.04993465753092385
-0.05051801193621985
-0.0507509564402443
-0.04986856712690074
-0.0507170354969253
-0.04999834724465962
-0.05090295289187791
-0.04999866386450019
-0.05089483403837497
-0.05018705739767626
-0.0509925252911132
-0.05018356097413945
-0.0510625119758279
-0.0502841555877615
-0.0511201720685408
-0.0508931571330884
-0.05043697834176164
-0.05097154133169673
-0.05061330036439993
-0.05108839156641365
-0.0506334514735407
-0.05068501282623661
-0.05118263488234204
-0.05066831428021862
-0.05123938947195322
-0.05067552484402155
-0.05135090441609513
-0.05075601384312473
-0.05142328913442434
-0.05084956601690271
-0.05138651538212735
-0.05126871120980941
-0.05107754005580434
-0.0512620228517619
-0.05118048657271584
-0.05144531270709063
-0.05116227167822524
-0.05145053690551799
-0.05136401782340666
-0.05161188123731242
-0.05124945608214515
-0.05163236061856646
-0.05147958951569515
-0.05173844465205224
-0.05142810269828163
-0.05180764707386648
-0.05154992499166378
-0.05184058942164838
-0.05161034471009368
-0.05180420326482371
-0.05161743604036989
-0.0511719173118852
-0.05189376639205162
-0.05180839452516572
-0.05185982745175649
-0.05175797357529538
-0.05197892667471093
-0.05198276459842976
-0.0520173389411282
-0.05193995794125011
-0.05206545583186745
-0.05232576505143988
-0.0518000760713026
-0.05239036973773409
-0.05181543982513398
-0.05240789943208829
-0.05198765579114489
-0.05257309095972962
-0.05198061000047544
-0.05249247855236017
-0.05216844717715818
-0.0526815367336812
-0.05274007226029098
-0.05203722431230456
-0.05282327747006688
-0.05199730447544326
-0.05291591564393727
-0.05214010407854697
-0.05299965690168418
-0.05148537371665274
-0.0521447382999104
-0.05309854020019311
-0.05221708146555004
-0.05303916307933848
-0.05232438539730966
-0.05310411781678065
-0.05302149392840716
-0.05251579037251858
-0.05300396579335692
-0.05251914187045165
-0.05319702653880992
-0.05259761365692411
-0.05318989167628047
-0.05270306102137295
-0.0533623629742076
-0.05268155418542331
-0.05336899552240409
-0.05287487534540047
-0.05351909572782998
-0.05276787875786298
-0.05354221995548902
-0.052991023724132
-0.05346715615966618
-0.05339486863555609
-0.05309126415254956
-0.05338973409385256
-0.05330161214930884
-0.0532044561770677
-0.05357179632332865
-0.05315023516137701
-0.05354346720008041
-0.05335309904100927
-0.05375140448152194
-0.0533228887682598
-0.05369980608920827
-0.05343783413806275
-0.05391695372720506
-0.05346957037318584
-0.05386657881753021
-0.05355121691072723
-0.05374369211668473
-0.05376942240192439
-0.05380131823531864
-0.05378809832197884
-0.05382532248021654
-0.0539478280468686
-0.0539732536988955
-0.05394415713397205
-0.05390928858748734
-0.05412020754707686
-0.05412868715881319
-0.05406444012460632
-0.05403115438824585
-0.05428677721303704
-0.05377644874590182
-0.05394402467583248
-0.0543470670389371
-0.05402136864026907
-0.05430237193299869
-0.05407235098708663
-0.05451937452902017
-0.05414419715926927
-0.05442237205436423
-0.05424560385154464
-0.05460185681479418
-0.05429976215465182
-0.05458560554013142
-0.0544134099796808
-0.05448039943744948
-0.05492852191805997
-0.05419687806499457
-0.05492341755637054
-0.0542463791972741
-0.05500825864800435
-0.0543597842576608
-0.05509553164980485
-0.05441802875617618
-0.05509013073286573
-0.05451425949490218
-0.05517048290624715
-0.05506399446359311
-0.05459737181968305
-0.05398091696199625
-0.05529742073865046
-0.05450328002706917
-0.05522950079619476
-0.0546421748604336
-0.05545250772797827
-0.054605996029719
-0.05538808629770947
-0.05480039366354167
-0.05555152506675209
-0.05477302244660581
-0.05554875381918556
-0.05488068149130892
-0.05550472533257084
-0.05542606889327467
-0.05504694770188112
-0.05545853019511232
-0.05518611742704438
-0.0556041234534948
-0.05522320162072059
-0.05561625883911386
-0.05526652486193323
-0.05577573786865281
-0.05538823283964783
-0.055766032366799
-0.05534910263327686
-0.05594176853685723
-0.05554371243342521
-0.05385682173076667
-0.05580247177487851
-0.05572102971050008
-0.055620139218164
-0.05574955604473625
-0.05572423083422751
-0.0558801983557769
-0.05569824167682513
-0.05592264581934026
-0.05589131046814849
-0.05603112888628897
-0.05577852068116307
-0.05608991764008009
-0.05598948951868027
-0.05614728794813251
-0.05594866322013392
-0.05625160992949829
-0.05596676534137141
-0.05632144070610956
-0.05603155415047661
-0.05629653110423877
-0.05607356709713013
-0.05639998472986779
-0.05618775753068705
-0.0564619136153367
-0.05623903174189593
-0.05625546142155979
-0.05645084682024526
-0.05636969587883678
-0.0564885916826075
-0.05636575379484182
-0.05645856238377234
-0.05677065456793329
-0.05623222481653006
-0.0568374492968744
-0.05621471759614943
-0.05684643967598058
-0.05640490679182308
-0.05700460118830791
-0.05636501080456779
-0.05692438040162373
-0.05657008647773371
-0.0571251672619208
-0.05697924316472125
-0.0565171171742318
-0.05723170997862848
-0.05640559023488384
-0.05722080864937779
-0.05660205933207896
-0.05735642707441707
-0.05661204277181187
-0.05737311173788345
-0.05668088156789663
-0.05752249627210998
-0.05677193702712396
-0.05559005973493925
-0.0574666660346328
-0.05731150847779165
-0.05695474621105295
-0.05731773755321806
-0.05696358170575061
-0.05747160450977096
-0.05702999247520435
-0.05748984010105757
-0.05713316921115874
-0.05762306194637701
-0.05710709376569889
-0.05765587484348589
-0.05729229791618035
-0.05776714330916838
-0.05718626855031927
-0.05781661348751238
-0.05739118339150134
-0.05779700704063101
-0.05765273524871445
-0.05749584826723103
-0.05767101340009823
-0.05767910035911228
-0.05780874834084437
-0.05766249270516349
-0.05783464836850649
-0.05767396671632596
-0.05772783125756936
-0.05798953388584344
-0.05769254820095265
-0.05795841638340654
-0.05780600222339988
-0.05813224384039467
-0.05784298318020337
-0.05811452092248764
-0.05783894546832591
-0.05812964099083956
-0.05797465558303699
-0.05819859397262056
-0.0579669531005943
-0.05820468037878146
-0.05814006770000352
-0.05835749836884097
-0.05811023648069841
-0.05828177487140074
-0.05830008740963982
-0.05841763053511251
-0.05867491732325553
-0.05801277491298129
-0.05858786606978122
-0.0581340320395633
-0.05878789409977658
-0.05812795108593594
-0.05875101103145941
-0.05755185187708189
-0.05825906088014038
-0.05883509613257099
-0.05830695360389754
-0.05878276160655271
-0.05841884984665374
-0.05883583600404851
-0.0590156185576427
-0.05832667427132188
-0.05901187449996598
-0.05833551443887813
-0.05916807551671827
-0.05840097215747542
-0.05917708351846318
-0.05849716866211147
-0.05928373545567428
-0.05850897906742109
-0.05933608403635976
-0.05864957491729572
-0.05928656303904523
-0.05922269285989706
-0.05877131323196416
-0.0591755955054778
-0.0589596409642289
-0.0593733794185326
-0.05884515976507859
-0.05933885693736818
-0.05889364892349125
-0.05899419192925182
-0.05954580365438422
-0.05889217300301697
-0.05946443670562129
-0.0590887779670704
-0.05965795480415964
-0.05907075658431443
-0.05960172093358651
-0.05916560818115302
-0.05960672387919685
-0.05950227791579693
-0.05936608127553855
-0.05952833742131625
-0.05944706464317262
-0.05966605200063829
-0.0595260236074226
-0.05967122587465573
-0.05952151531118294
-0.05982430213174628
-0.05967665155020802
-0.05980758123334895
-0.05959793049786966
-0.05997771166113869
-0.05974952108634823
-0.06000065468723265
-0.05861371518531744
-0.05973290862288283
-0.05987987200406719
-0.05976607350149604
-0.06003722664251787
-0.05987640838992164
-0.05995241328220241
-0.05992523658686283
-0.06014701390756827
-0.05998537028268414
-0.06009736236359065
-0.06007895982534117
-0.06018857021908069
-0.060448670777561
-0.05988235434855599
-0.06041548230716243
-0.05991490944283379
-0.06052004442348535
-0.06002951453311828
-0.06057330902086355
-0.06007167060711455
-0.0605931356500099
-0.06016953396754254
-0.06072202396360726
-0.06022365659371082
-0.06063674502190264
-0.06043671697845454
-0.06084442875067486
-0.06007268964700196
-0.06080542674185951
-0.06016765452941131
-0.06092747679862487
-0.0602236816029354
-0.06094922171643097
-0.06032336527809334
-0.06100111511289191
-0.06037837289493592
-0.06108614233971615
-0.06041399728186075
-0.06111446223286449
-0.06094649537304581
-0.06055193561285671
-0.06100029587200617
-0.0606975465886086
-0.06110883016406077
-0.06071288663757418
-0.0611428608445474
-0.06076952986187162
-0.06126552503078758
-0.06086427386329607
-0.06127869804043495
-0.06084327581068166
-0.06141725785329905
-0.06100740843804192
-0.05977811692308066
-0.06135938598603613
-0.06123003222042911
-0.06109486352431109
-0.06122737956432134
-0.06118123168154771
-0.06137319045399048
-0.06116508995937803
-0.06138493452342519
-0.06133361133899312
-0.06150949363706804
-0.06123709965058949
-0.06153740263281415
-0.06142665117320462
-0.06161479603185738
-0.06138757803820943
-0.06168503290328581
-0.06148131516482358
-0.0617307933986167
-0.06150512873325081
-0.06171021771271229
-0.06151538718979704
-0.06180137212495845
-0.06164543683466445
-0.06186059545232192
-0.06166619141514096
-0.06145486549471091
-0.06184669410578025
-0.06181045955279052
-0.06188508263805698
-0.06177744067807001
-0.06191826728014416
-0.06214053721762397
-0.06164643733099878
-0.06221144680140134
-0.0616641638901162
-0.06220903473320405
-0.06180308538246077
-0.06236282921313946
-0.06179924422597977
-0.06227932525092889
-0.0619546319676258
-0.06242908300311134
-0.06242915543478456
-0.06192171096010901
-0.06250261742848801
-0.06186274554379223
-0.06257242653393869
-0.0619912458441339
-0.06265858324158163
-0.06201611317202244
-0.06256593062947857
-0.06273900550503952
-0.06203600985795399
-0.0627604291343602
-0.06206435155166412
-0.06279738068629603
-0.06265249959222341
-0.06231202617636888
-0.06261609412997565
-0.06234179566643139
-0.06279482684381205
-0.06238016172865785
-0.06277186362973813
-0.0624942540537195
-0.06293022284207178
-0.06244989046628491
-0.06292250019729378
-0.06263440296763823
-0.06303389953872723
-0.0625514143080288
-0.06306821827368908
-0.06270652506045865
-0.0630961856527319
-0.06295298282413109
-0.0628328542748971
-0.06292762963203213
-0.06297315246360508
-0.06309198390453841
-0.06298275171996792
-0.06249787415017494
-0.06303830116459891
-0.06301709104128039
-0.0632210642613848
-0.06302699813294232
-0.06320151668629176
-0.06308755109798753
-0.06336720658009654
-0.06316358634888591
-0.06332517676084226
-0.06314210138065651
-0.06338349211092076
-0.06319233473270736
-0.06347740438377092
-0.06322867345676803
-0.06345154422760874
-0.06334235269649946
-0.0636209068327121
-0.06335732165405517
-0.06352133883449301
-0.06348777851639903
-0.06366750385126685
-0.06391555019841627
-0.06326578609037486
-0.0638024912824578
-0.06333089699992323
-0.06300323990237278
-0.0639493610608392
-0.06343033101522449
-0.06384314739181873
-0.06344283480812379
-0.0640240262098023
-0.06353225505004423
-0.06400796854335467
-0.06358828311090764
-0.06405826255445102
-0.064171979900423
-0.0635669338468684
-0.06411900798675935
-0.06360964361868915
-0.06430831393416786
-0.06363428482758271
-0.06426910905200917
-0.06375573820197572
-0.06443478120811286
-0.0637091143854473
-0.06441392269390184
-0.06388347721813348
-0.06452035342759904
-0.06383566718193417
-0.06446479191206611
-0.06426143712590365
-0.06415294699842305
-0.06404055785611984
-0.06439958046766053
-0.06400281277040792
-0.06443870631373816
-0.06419378347740001
-0.06454976216388658
-0.06414891481391194
-0.06456806084019834
-0.06426173548370651
-0.06469512845299408
-0.06428713989264895
-0.06469195124034532
-0.06433134188935202
-0.06476849432839615
-0.06454734683495628
-0.06456253377853693
-0.06462103340449343
-0.06459135785902981
-0.06469616722325999
-0.06470713286604751
-0.06474956785041092
-0.06465893251338983
-0.06484028489595528
-0.06483650680921133
-0.06484896818885466
-0.06475991046392499
-0.06408421316886503
-0.06494247528603719
-0.06486509485672987
-0.0650341651797941
-0.06480370529346585
-0.06498737012371586
-0.06477875330223642
-0.06516356768855586
-0.06490461115992013
-0.06509778390081833
-0.06492305347157856
-0.06523030434050991
-0.06503183345270991
-0.06523466230259095
-0.06506311578656826
-0.06528383229062035
-0.06550678139266275
-0.06493712896274356
-0.06552791813220987
-0.06490954339537375
-0.06557169567416898
-0.06506895306484828
-0.06567044864471844
-0.06505233915254216
-0.06528696146774404
-0.06561292651827499
-0.06518972491573372
-0.06571157867901845
-0.06517305727482386
-0.06567596026034617
-0.06574548049366008
-0.06516838032345063
-0.06577090877646785
-0.06530938976880291
-0.06588984037418866
-0.06523519394159577
-0.06590057053377291
-0.06540997016438144
-0.06598786322459688
-0.06538516946484296
-0.06602460610477984
-0.0654772011969954
-0.0661280097200353
-0.06551767604914005
-0.06599405784427465
-0.0659436479322037
-0.06573999831670752
-0.06597890799332323
-0.0655753347409469
-0.06582048710846122
-0.06603407158185293
-0.06575616389708083
-0.06603958870067378
-0.06572199479306651
-0.06586116133435377
-0.06617386605952186
-0.06579998107272261
-0.06614038138884321
-0.0659270870872059
-0.06631172492197801
-0.06591493810682053
-0.06627749718064468
-0.06599464475447842
-0.06628229419771881
-0.06617143799949454
-0.06619743295210267
-0.06619301051354048
-0.06624632297286498
-0.06631494490837098
-0.06633543786255702
-0.06631567238419145
-0.06631179487445588
-0.06600942422893841
-0.06637209032634822
-0.06639204546152305
-0.06640045778356435
-0.0664198312935817
-0.06650695124283657
-0.06641251502338602
-0.06666667001789894
-0.06630535013793243
-0.06671090210457287
-0.06524234106113092
-0.06631488401991809
-0.06670585609237928
-0.06645982677230017
-0.06673851258469365
-0.0664543660774064
-0.06677000372483244
-0.06658137153508309
-0.06686929362411043
-0.06658993664672036
-0.0668143953682423
-0.06703623647945361
-0.06647011410797343
-0.06611075653671339
-0.06710052976938713
-0.06642356142964573
-0.0671243665276578
-0.06653213302757205
-0.06717717901387943
-0.06653655875306691
-0.06725931243751537
-0.06666980486336921
-0.06724109802402195
-0.06665615365264482
-0.06726974651761897
-0.06716803056892762
-0.06687845949341614
-0.06551862211982051
-0.0672935927026776
-0.06678445472923505
-0.06727135160179643
-0.06690928804361029
-0.06741710985667565
-0.06684727438791649
-0.06741096299243987
-0.06701587743620357
-0.06613555177991692
-0.06749886254088594
-0.06701470623399469
-0.06745126916774108
-0.06699044478205762
-0.06754671533004836
-0.06735597044804442
-0.06727748562202895
-0.06738222120580134
-0.067238875364174
-0.06749797361332921
-0.06740634432438763
-0.06747768063873372
-0.06733619749974384
-0.06763533069412231
-0.0674695821341541
-0.06759770799863907
-0.06746588751187071
-0.06661147197826978
-0.06773131939222704
-0.06751041624134113
-0.0672059258992137
-0.0677309349074362
-0.06752068292316332
-0.06777712779695144
-0.06751846324934285
-0.06766459444476514
-0.06766807621243226
-0.06777663883528134
-0.06765668325733037
-0.06772597545926029
-0.06778869112275127
-0.06789158775593945
-0.06775143292558283
-0.06784390978936311
-0.0679045902255056
-0.06795372487985202
-0.0678859956557088
-0.06796703622977474
-0.06812020285796033
-0.06780671175080072
-0.06821738636466784
-0.06774578543723653
-0.06797434278989822
-0.06829113926713776
-0.06744049242585248
-0.06782664586197934
-0.06816660151221821
-0.0678828962172161
-0.06831449518235028
-0.0679609433149897
-0.06822826418264644
-0.06799813242191499
-0.06834564088971462
-0.06844150665643645
-0.06791591221590632
-0.06851983861230648
-0.06792213881318637
-0.06858200667625219
-0.06797457944312368
-0.06865427581536038
-0.06804168185285686
-0.06870374228907861
-0.06805042377774256
-0.06878219145178616
-0.06815604106812234
-0.06873578297364624
-0.0685755149142232
-0.06828466051842197
-0.06740709103259235
-0.06866069164172889
-0.06836092937824051
-0.06864355997359495
-0.06837341364871025
-0.06760134680551477
-0.0687586549483018
-0.06839803479517792
-0.06879088539180372
-0.06839932213469613
-0.0688927060480119
-0.06845898842357445
-0.06890658298938329
-0.06852452797034325
-0.06900794939834187
-0.06875665666244613
-0.06870121980870886
-0.06883796019378674
-0.06878113333101027
-0.06889355112173401
-0.06876051002528427
-0.06845532390935904
-0.06894754692279509
-0.06883564810374782
-0.06890831041672979
-0.06888506124471527
-0.069062102637306
-0.0688952946682222
-0.06904125294351054
-0.06900781340808482
-0.06852624970423715
-0.0692002829929409
-0.06893380889003931
-0.06913339817884684
-0.06901621340531039
-0.06917810130708113
-0.06905211705607422
-0.06919580254003577
-0.06904284411474548
-0.06930865039718803
-0.06918543317698811
-0.06925516391632902
-0.06915765230280396
-0.06932131295052635
-0.06932847780359358
-0.06920100981285571
-0.06940492270289811
-0.06925778478578903
-0.06938842868709438
-0.06933076767964075
-0.06934349531307188
-0.0696650773218111
-0.06918129070663864
-0.06963991396804148
-0.06918999813661558
-0.06979377164929063
-0.06914829122318267
-0.06932296513138486
-0.06967526602327218
-0.06928483248640976
-0.0698148220502936
-0.06943396718943501
-0.06973379275319275
-0.06941548392250746
-0.06973755724550768
-0.06995206497287026
-0.06934688769676267
-0.0693457050405959
-0.06990503878073367
-0.0694152132355218
-0.07001042937144231
-0.06940385246022862
-0.07002111315338028
-0.0695417113576457
-0.07011135761100218
-0.06949356173432114
-0.07013225088621533
-0.06962160984392524
-0.07017806984140301
-0.06996057006838019
-0.06973373951077644
-0.07006280684010568
-0.06986124073761307
-0.07009733556318409
-0.06986478002088287
-0.06921312170851834
-0.0702051475173483
-0.06989604059508381
-0.07016612542211931
-0.07011637234960416
-0.06992226857593947
-0.07030656571150612
-0.0698688113912046
-0.07024675402838448
-0.07002734065234267
-0.07039327692969022
-0.06996334784158614
-0.0703737426035832
-0.0700866010799025
-0.07031358061754472
-0.07027356367205384
-0.07022267096373874
-0.0702869988086699
-0.07031877716162388
-0.07040678706512377
-0.07034777981084006
-0.07039780471517526
-0.07037622341406374
-0.07053630201971711
-0.07024490729792454
-0.07044922751256616
-0.07047404358393228
-0.07042215218057768
-0.0701514639605465
-0.07055032672310924
-0.0704213542084543
-0.07066082496824688
-0.07044304301137755
-0.07057853202943754
-0.07040786733400906
-0.07073500743171635
-0.07053019335130611
-0.07071011213900064
-0.07053792048629237
-0.07079120692331714
-0.07064052235579432
-0.07082968594888894
-0.07066458486628485
-0.07082072844527298
-0.07103611614248584
-0.07055189525886446
-0.07110253250466037
-0.07052287173925514
-0.07109057919577322
-0.0704936779485914
-0.07061034013060608
-0.07116302827460735
-0.07059938344112343
-0.07118378589589119
-0.07063719222463405
-0.07070149873961706
-0.07119701352443086
-0.07073537044034583
-0.07120287619508353
-0.07082828932369745
-0.07110121370589978
-0.07129621876425263
-0.07080233460798346
-0.07128493266945185
-0.07085555549236194
-0.07140873029437966
-0.07085734475603001
-0.07141554397849009
-0.07097780678380972
-0.0715170404090486
-0.07091376357355089
-0.07130418490938606
-0.07146877915597027
-0.0709857098641048
-0.07153563389042605
-0.07136358205539794
-0.07119246231607212
-0.0713766185599965
-0.07121561116276715
-0.07149630683486491
-0.07131844869490339
-0.07055180615388057
-0.07151397566998546
-0.07124887328535073
-0.07158723392208594
-0.07134050483099053
-0.07162162176450271
-0.07130435684099523
-0.07171417978502265
-0.07145678030351893
-0.07172560876524331
-0.07136131497163972
-0.07176641913239712
-0.0715872972531979
-0.07131678834041111
-0.07160331924293672
-0.07163581960050008
-0.07164857050626861
-0.07164439462723854
-0.07165710487549315
-0.07174627842688136
-0.07176907479055028
-0.0717704909310305
-0.07171227382900985
-0.07185278272991585
-0.07186304166851354
-0.07185830942818849
-0.07182518454532105
-0.07133345494556131
-0.07198230947481876
-0.07187627117465217
-0.07203980105607416
-0.07171702712920802
-0.07199090321366081
-0.07186863525869447
-0.07214271460155969
-0.07138849944430792
-0.07182948008376705
-0.07213814795085882
-0.07192270047862981
-0.07211558176690108
-0.07193590808555483
-0.07225359051444313
-0.07204597644021926
-0.0721710307071331
-0.07203881245107141
-0.07218978842104928
-0.07248650406238411
-0.07188749492996499
-0.07244031508541843
-0.07197183150989339
-0.0725550786738019
-0.07200135071110297
-0.07256052552340786
-0.07171976231578103
-0.07210440574591959
-0.07258703968358027
-0.0720898808250976
-0.07215550948419835
-0.07259310005841552
-0.07252099206084922
-0.0721568365569718
-0.07257565823853623
-0.07212236436422009
-0.07265152850579476
-0.07227226687384425
-0.07265993318972924
-0.07220782479465776
-0.07277824781892672
-0.07232560677114536
-0.07276733055366796
-0.07232542505721107
-0.07290163995354532
-0.07238026444226453
-0.07286301696010933
-0.07270256860090873
-0.07255713905227557
-0.07278033500228959
-0.07260254261729637
-0.07281345440318554
-0.07267919734146983
-0.0723698096540879
-0.07286835312395962
-0.07243387218028907
-0.07255434525199167
-0.072936630455607
-0.07270212135800924
-0.07288251101779353
-0.07267565335291098
-0.07304009764234554
-0.07275503714817583
-0.07300621527980095
-0.07278758264696988
-0.07307109786639154
-0.07294862226512888
-0.07297621929647974
-0.07292032753300859
-0.0730148699565305
-0.07307459817563239
-0.07302833998566266
-0.073026981000332
-0.07313159582316847
-0.07319524370827396
-0.07307951644891497
-0.07313421951671484
-0.07232655026692392
-0.07314826887220749
-0.07321191950628386
-0.0732171185972823
-0.07222353188912312
-0.07324561206381031
-0.07318185984266468
-0.07329480245472181
-0.07311403543752881
-0.07336443118519548
-0.07317448460688475
-0.07341710894351822
-0.07316082706475402
-0.0734818752141963
-0.07327810548011038
-0.07346850857774101
-0.07328454099652765
-0.07359415060281171
-0.07337832744610123
-0.07352136315069291
-0.07340519125815614
-0.07317154715978447
-0.07350217379572715
-0.07376681578395389
-0.07322926710184963
-0.07380458375206661
-0.07324108432177778
-0.07381658237056499
-0.07335527975424766
-0.0737885489300103
-0.07382529294921164
-0.07337044401362663
-0.0738463081938483
-0.07344183978812763
-0.07390503310970931
-0.07387580310805097
-0.07347703497345581
-0.07391225473475693
-0.07347291577062603
-0.07398453637187136
-0.07359731856357765
-0.07403614509982853
-0.0735241761999188
-0.07396687860832252
-0.07407957912766799
-0.07359046148781578
-0.07404974082462107
-0.07368847026976433
-0.0741803397855772
-0.07364229981171255
-0.07417039171079054
-0.07378826696392543
-0.07417543033741869
-0.07406921535919891
-0.07385888718701328
-0.07405879509494911
-0.07400589214540826
-0.07410060008589792
-0.07415713477872798
-0.07388298782316011
-0.07418838181652349
-0.07403533841249338
-0.0742811229474552
-0.07399726276015894
-0.07428902321582875
-0.07408656164238647
-0.07387858068005304
-0.07433272487848969
-0.07413748019856065
-0.07437240528863193
-0.07422773430966517
-0.07422221786498795
-0.07421567109066946
-0.07435615609516089
-0.07433153381028812
-0.07427152557818967
-0.0743388824717422
-0.07441580332962361
-0.07441070186896553
-0.07439694518901047
-0.07445894783653861
-0.07446670527828342
-0.0745104305572436
-0.0745053722011218
-0.07369340231759569
-0.0745396735445652
-0.0744879576348344
-0.07467817701038981
-0.07442841607152428
-0.07387399852922893
-0.07470166956191993
-0.07441407647435744
-0.07464960381930252
-0.07448397941760243
-0.07479295268086572
-0.0744927877495824
-0.07474297579431377
-0.07460431934538253
-0.07484284962994942
-0.07459239279669344
-0.07485160007876623
-0.07472176136116532
-0.07477763302875917
-0.07506595334148281
-0.07452738918786189
-0.07508043977767209
-0.07459940245674462
-0.07506939007467928
-0.07509399918053467
-0.0746556753986633
-0.07510040650178962
-0.07468332596073607
-0.07493096087408002
-0.07506603315752858
-0.07474630179981545
-0.07520638045726985
-0.07469738206068161
-0.07517115049455891
-0.07517000704975485
-0.07475786821763536
-0.07520172683854837
-0.07484549044306765
-0.07529400578738088
-0.07487379195796612
-0.07530294673494825
-0.0748944930704446
-0.07541469072203888
-0.07498461631887104
-0.07540081202495963
-0.07494479594258247
-0.07551948076784371
-0.07529190327660717
-0.07520431845911424
-0.07523816723444199
-0.07536986845371046
-0.07513688524024925
-0.074757224379705
-0.07531005534083057
-0.07520230569748165
-0.07543900603443715
-0.07518792649808331
-0.07543092580248373
-0.07525041718826952
-0.07553955397252271
-0.0752985304288612
-0.07554876905250357
-0.07529980569181788
-0.07563684580319063
-0.07540458424614366
-0.07566385907447037
-0.07535050024478401
-0.0756468207153711
-0.0755737337878859
-0.07563413071673836
-0.07554636659354658
-0.07555701608805337
-0.07555249400312292
-0.07562696022342386
-0.07562215071215328
-0.07561381768346542
-0.07570359169461821
-0.07573201969431675
-0.07570731193772245
-0.07565163508645056
-0.07573545918663627
-0.07571918756967222
-0.07582281349347614
-0.07570131526016477
-0.07582996988379631
-0.07576430066996176
-0.07594776017793553
-0.07569577375827907
-0.07592360903071182
-0.07576361884917704
-0.07605896438027071
-0.07581369438684021
-0.07597163526577666
-0.07586115903272062
-0.07610906090329783
-0.07543875237540121
-0.07582716996831479
-0.07614215799308477
-0.07594585533106119
-0.07608294494754575
-0.07594224886581152
-0.07606069897999901
-0.07636147452071784
-0.0758811074101492
-0.07541863483178002
-0.07628124657027713
-0.07585021269304032
-0.07638099507088536
-0.07596258472035
-0.07632829514292133
-0.07594785185889874
-0.07646496144050491
-0.07604198882085927
-0.07643583039811414
-0.0760423715871989
-0.07640722384593857
-0.07648134133157158
-0.07611494394521451
-0.07541040044839153
-0.07651685902253968
-0.0761383572904582
-0.07653416301361415
-0.07608827146735664
-0.07661561070613532
-0.07622467424638113
-0.07661274704631355
-0.07619605566643212
-0.07671110074628107
-0.07627253481429341
-0.07672844395065948
-0.07630019490025541
-0.07584136608193237
-0.07666540830685886
-0.07663043544437864
-0.07646445766149884
-0.076618468933358
-0.07642801786497755
-0.07674935910187364
-0.07651087424716629
-0.07621124478360564
-0.07670800898545072
-0.07656695624729032
-0.07679964282837443
-0.07648484705586328
-0.07680335885666156
-0.07661989867066277
-0.0768782936270469
-0.07661931314780696
-0.07689579103814492
-0.07666821222840003
-0.07695038940588073
-0.07676298018153205
-0.07682642205527851
-0.07684839391222775
-0.07687075196616677
-0.07688137170068698
-0.07693495458282867
-0.07596502888361112
-0.07696805362004971
-0.07689850000013432
-0.07696009362697709
-0.07685466072306291
-0.07696143681869699
-0.07703131500207105
-0.07692924396347567
-0.07699131835101264
-0.07700886152637904
-0.0771247733553993
-0.0770113635112627
-0.07711980857866402
-0.07694149096117842
-0.07722795452755726
-0.07701634051875644
-0.0772545068044822
-0.07702081779365733
-0.07727361432463919
-0.07713241564247286
-0.07735944387398036
-0.07711359786682537
-0.07732056759263584
-0.07724571636515487
-0.07735281534039062
-0.07725923790578815
-0.07748391898715556
-0.07707957078340782
-0.07751104591511165
-0.07698288497588113
-0.07702695655453018
-0.07757357630114614
-0.07714469351343889
-0.07755480938710568
-0.0771434555486511
-0.07761828004814492
-0.07724017144911322
-0.07765993981445918
-0.07725715232145813
-0.07766242855608002
-0.07770742258887625
-0.07727600964005044
-0.07767234093201064
-0.0773589545183806
-0.07782374449658952
-0.0773215481293214
-0.07776908676095345
-0.07745450753612865
-0.07743299284195526
-0.07783599808530939
-0.07744581164812314
-0.07749358225512637
-0.07787726990673866
-0.07741008963404522
-0.07791270320838378
-0.07746162136578355
-0.0779012975533237
-0.07782317993962856
-0.07761345294659483
-0.07779694618335409
-0.07767106274183971
-0.07791998459954247
-0.07765749356103602
-0.07791362109342714
-0.0777780426968403
-0.07801364524724769
-0.07770275244620672
-0.07802740822888893
-0.07783633468447576
-0.07808609733037408
-0.07781199040619069
-0.07813863456320957
-0.07769811502838397
-0.07781091459700257
-0.0781673069237272
-0.0779389805024075
-0.07813974525513445
-0.07796471474078992
-0.07789291173283175
-0.07799193910511437
-0.0780605363762728
-0.07807430097517248
-0.0781067451715417
-0.07803624513270557
-0.07817487385081306
-0.07816898030017161
-0.07817891946928418
-0.07810943863449099
-0.07828657970758701
-0.07821463936555312
-0.07826967080961689
-0.07820895829390589
-0.07839578963798549
-0.07817908913673166
-0.07834932933993954
-0.07835671015351742
-0.07819635903733024
-0.07845557634024336
-0.07821279015336186
-0.07840061787213398
-0.07828978440694739
-0.07853083104875586
-0.07828841086331284
-0.07850899063744293
-0.07792544833899129
-0.0784040152046151
-0.07855743117333602
-0.0783635609334461
-0.07852293831506002
-0.07849261474601299
-0.07853175407028801
-0.07876750918397629
-0.07824033670320946
-0.07873706724357782
-0.07841137829093603
-0.07881172876054487
-0.07835185233825914
-0.07836849820735647
-0.07886923343415941
-0.07846019801863097
-0.07878550820190944
-0.07845918748126762
-0.07891054012416354
-0.07883991130706708
-0.07853899521118729
-0.07891656139144831
-0.07850943173858932
-0.07895448233416402
-0.07858232294113948
-0.07901122571684266
-0.07861476279941376
-0.07822493076868398
-0.07902993310601064
-0.07860846325562726
-0.07912644050009832
-0.07863133538159106
-0.07914017824985636
-0.07865338998132138
-0.0789771130433703
-0.07913679966893472
-0.07898445297018641
-0.07886706174521696
-0.07900670526761711
-0.07881531335133984
-0.07909893151176772
-0.07890972645479993
-0.07910091672983238
-0.07892034045531926
-0.07921059092993055
-0.07895351828534858
-0.07919217102008641
-0.0790211533261142
-0.07931966608260405
-0.07899846769438246
-0.07921751416551537
-0.07930417936039508
-0.07903414367656436
-0.07933834082445895
-0.07917414580958221
-0.07917545794677289
-0.07925638693371451
-0.0792338064366076
-0.07928658458797644
-0.079148320487473
-0.07914863123697269
-0.07933945949320559
-0.07927619768914201
-0.0792989133542672
-0.07931514728952255
-0.0794283664321816
-0.07931973700418604
-0.07940860035384634
-0.07941248593051747
-0.07951482400400356
-0.07936449894413056
-0.07951587878606975
-0.07939449672146615
-0.07962298352677255
-0.07945248691463069
-0.07946472216965539
-0.07955510482600281
-0.07942151451450891
-0.07963991605705717
-0.07952670790895378
-0.07959821284090079
-0.07912821059729147
-0.07950184164986202
-0.07965553823434585
-0.07953904672388584
-0.07971754213093063
-0.07958845209588072
-0.07969940678300286
-0.07964672567790687
-0.07965743352806637
-0.07992109596733227
-0.07953374609798536
-0.07990056433567599
-0.07953309917608981
-0.08002297228703881
-0.07962300531657823
-0.07994289818686218
-0.07964295525111653
-0.08007105134860687
-0.07969205839625576
-0.0800538943295549
-0.07975047223612153
-0.07971089951175436
-0.07972073984613637
-0.07997708088655475
-0.08007870846979176
-0.07966261916293121
-0.08011631675762637
-0.07971316285027136
-0.08018961824541376
-0.07970483610041218
-0.08020690303525324
-0.07981396393094997
-0.08026647265978037
-0.07978032505716637
-0.08029448762724284
-0.07987374227857863
-0.08035102472216543
-0.07988829349438697
-0.08023617305466929
-0.08024404266746638
-0.08006768280179904
-0.08026035039594431
-0.08003664115201126
-0.08009049394895107
-0.0803257485544317
-0.08004107763388141
-0.08031044051391872
-0.08016779852272354
-0.08039464092390702
-0.08012464691881266
-0.07975540291301453
-0.08038251275199298
-0.08019294773132774
-0.0805047910645198
-0.08013880940240692
-0.08048895795923822
-0.08023619215354749
-0.08048977100976451
-0.08039992962587261
-0.08035092966420992
-0.08042164736948104
-0.08042556196289186
-0.08051061038343588
-0.08045149498178861
-0.08050933254042886
-0.08046767021672879
-0.08021859071480986
-0.08055843970702492
-0.08052600532458942
-0.0805683770953648
-0.08050911095182012
-0.08066409146963466
-0.08056915377675394
-0.0806531765804156
-0.08060196678242082
-0.07992498549606175
-0.08070644267867605
-0.08052378582671771
-0.08073987595036597
-0.08063334908116065
-0.08071056546458721
-0.08063276954716836
-0.08078089950333411
-0.08072143869983811
-0.08080829290895936
-0.08073927078272475
-0.0808230593490098
-0.08080704389419208
-0.08077215755249867
-0.0808783865435283
-0.08075170709572638
-0.08086520123778052
-0.0809884466121244
-0.0806918460948729
-0.08107797222146107
-0.08068715532897208
-0.08108906065442362
-0.08079993789461931
-0.08083971225867614
-0.08110151559489309
-0.08079735105333119
-0.08110395278151544
-0.08087109996821945
-0.08114296507983398
-0.08088286978611209
-0.08117457712219567
-0.08122719044963783
-0.08082825367296881
-0.08133672761402516
-0.08082880180231644
-0.08133664173895233
-0.08073032962940729
-0.08088606592419795
-0.08138333150297034
-0.08090922446377108
-0.08138551353255202
-0.08092642625668361
-0.08147983805564918
-0.08099452495423165
-0.08147259000494628
-0.08098694708667814
-0.08141799993941934
-0.08139956890085498
-0.08119872213871526
-0.08075196918222005
-0.08141943616948299
-0.08114061094929587
-0.0814720128636402
-0.08121672781582751
-0.08150611967732257
-0.08118142839162668
-0.08157895209749055
-0.08130491368652903
-0.0807174187128048
-0.08156420112456314
-0.08127506921344413
-0.08162448006984979
-0.08128041643583417
-0.08164718325768688
-0.0815164000743297
-0.08146280104247766
-0.08152317588870445
-0.08146485064370695
-0.08160501974513279
-0.0815618302953105
-0.08162953256801647
-0.08150543325739723
-0.0816910279481407
-0.08162651654054331
-0.08169987534625306
-0.0816113400051201
-0.08091149421787414
-0.08179693307456359
-0.08165110511100881
-0.08176859660014307
-0.08127030596738027
-0.08165013567567808
-0.08184040599418863
-0.08166031630677256
-0.08176995350178845
-0.08169252405531424
-0.08183549539379192
-0.08176701960724786
-0.08180978646090831
-0.0817786428336722
-0.08193028571315869
-0.08183685362864968
-0.08188613178930532
-0.08186224688667593
-0.08197099179876238
-0.0819411806385541
-0.0819782595503642
-0.08194367873016911
-0.08196947432327611
-0.08216771240160564
-0.08182485940981515
-0.08186063691887657
-0.08186140334850744
-0.08212399549692717
-0.08189068313571291
-0.0821255785654087
-0.08185042379036567
-0.08222017608826077
-0.08198821386406757
-0.08216346995065532
-0.08194358976241228
-0.0822852718159191
-0.08205352686171041
-0.08224820139891414
-0.08204641460141554
-0.08221191200050099
-0.0824476413324795
-0.08198169630021318
-0.08244238478072535
-0.0819806106217949
-0.08251585719555121
-0.08205955826819611
-0.08252711771541615
-0.08207559208000725
-0.08255647879719785
-0.08203983379106727
-0.08210494344420038
-0.08191476090403871
-0.08254832159534797
-0.08246984256111539
-0.08223173581432802
-0.08245543220357893
-0.08216722613967847
-0.08257449325595168
-0.08228651763447098
-0.08252547677551536
-0.08226811492285518
-0.08265946722037704
-0.08232560800911309
-0.08263081096038222
-0.08236270333024659
-0.08274207080691309
-0.08236577419260555
-0.08273380265572106
-0.08245389882637166
-0.08274711702495713
-0.08268054646688566
-0.08255118860302729
-0.08199844281345037
-0.08263444065700748
-0.08260554837445777
-0.08269132306059446
-0.08262453811038534
-0.08177602939202355
-0.08274069670170558
-0.08262802069760178
-0.08276048288903098
-0.08264001379394742
-0.08282325464679735
-0.08266751922180055
-0.08286365585423677
-0.08273142418198609
-0.08290365797102051
-0.08270810810240248
-0.08296463353440187
-0.08277875897553627
-0.08292933234894029
-0.0828464291971584
-0.08290215184837862
-0.0828515720208084
-0.08254203481416589
-0.08295720562310066
-0.08290277731353041
-0.0829871645105737
-0.08289762996692784
-0.08299632194436141
-0.08298503037927152
-0.0830781378547214
-0.08256291073861721
-0.08296378966557855
-0.08302010816791239
-0.08308302663692108
-0.08301768517759567
-0.08321053198216227
-0.0829178840603304
-0.08320903589775119
-0.08297428851228489
-0.08330566747450746
-0.08300057274864842
-0.08324757623297591
-0.08307744057499739
-0.08318004727093253
-0.08330234019320476
-0.08305600051196099
-0.08335968212751593
-0.08312177588207997
-0.08332668997896175
-0.08348807276905756
-0.08300538574110178
-0.0834628833831404
-0.08309744166216848
-0.08333816281830675
-0.08350998020381983
-0.08309995204715304
-0.08354138852310911
-0.08311343161528295
-0.08354880973573575
-0.08319237522389877
-0.0836326186614692
-0.08318361114254996
-0.08361260721995872
-0.08327310584147996
-0.08363838422958086
-0.08352517826730521
-0.08336771507239354
-0.08298283329407141
-0.08358636504313638
-0.08337686756999563
-0.08364676645099123
-0.08334241592887454
-0.08368991096579065
-0.08346004636935123
-0.08371059816057269
-0.0834085416031497
-0.08379127786334711
-0.08349895639581634
-0.08379153319388438
-0.08349852108036282
-0.08340982232879668
-0.08385598065363331
-0.08352271051840598
-0.083798294388924
-0.08376560975435188
-0.08360328203674239
-0.08375632029466196
-0.08370098156636452
-0.08361854804491919
-0.08381722747219744
-0.08374171212148518
-0.08380674341221461
-0.08367631880799797
-0.08391860221246905
-0.08379344618353302
-0.08386975065036356
-0.08376971829296781
-0.08400065442055066
-0.0838303220901922
-0.08396833946282306
-0.08385686199173192
-0.08400793962515968
-0.08391879268165686
-0.08400913173439561
-0.08390844588496282
-0.08403560394323162
-0.08327928711058696
-0.0839854511677246
-0.08403100100861127
-0.08401103220615763
-0.08404984467955373
-0.08408558543363398
-0.08379507684566789
-0.08400648850663239
-0.08408205678756875
-0.08412078884288582
-0.0840969421944659
-0.08411883487051208
-0.08415932992239189
-0.08411818623372042
-0.08430962356357025
-0.08398469208031412
-0.08431055889738798
-0.08410794054921439
-0.08434640143662586
-0.08408675160304907
-0.08440145556046746
-0.08418735003290745
-0.08438423374000231
-0.08418660443366116
-0.0842416365784473
-0.08441318279627885
-0.08428669072348771
-0.08440672566941404
-0.08425090771989957
-0.08363899079685044
-0.08435822967986428
-0.08457561348942427
-0.08413414177800954
-0.084580134224852
-0.08417964783444964
-0.08464155170856469
-0.08420743800757374
-0.08467146592534358
-0.08425913850728572
-0.08467871145069117
-0.08430756940495698
-0.08469762280740112
-0.08466305385946254
-0.08439474878011205
-0.0846753987822127
-0.08438717095070275
-0.08474580918107361
-0.08448794747728966
-0.08470308098598434
-0.08474110832772025
-0.08440873700821117
-0.08420000431689623
-0.08480088190499618
-0.0844617995197125
-0.08478818576674368
-0.08448537189932454
-0.08489958033050649
-0.0844998343005996
-0.08486645613029375
-0.08457246367663146
-0.08487383259707437
-0.08479807064979356
-0.08467630598041065
-0.08482206458394675
-0.08475264467659671
-0.08489863489338789
-0.08471315325773787
-0.08490250467819144
-0.08482588525883955
-0.08496379044905616
-0.08455122723359043
-0.08482564442473634
-0.08497237855167605
-0.0848017135565452
-0.0850076226050932
-0.08491200458969278
-0.08402895255747644
-0.08506958105741519
-0.08482474475988977
-0.08506982206532426
-0.08490959891469907
-0.08502684575858355
-0.08500935389404807
-0.08501254702972705
-0.08496425019458398
-0.08511737937665026
-0.08509325083220104
-0.08504766404519765
-0.08505952705327818
-0.08516158219935255
-0.08515436101547724
-0.0851439781670158
-0.08515660849773293
-0.08519928827249823
-0.08468324159653573
-0.08521590220530012
-0.08515261061386492
-0.08537034016762979
-0.08506146635917233
-0.08531907747493128
-0.08511159309370903
-0.0847760656398755
-0.08538505199975777
-0.08516113892508143
-0.08533958933302632
-0.08517637625925395
-0.0854529128338089
-0.0852219984379452
-0.08541222500507445
-0.08527367708857764
-0.08544242579880279
-0.08563207269416528
-0.08517184329729993
-0.08559380902350211
-0.08517232977558498
-0.08566704663886776
-0.08525244508075214
-0.08511994822019808
-0.08564233285041167
-0.08525723736335544
-0.08566783896715968
-0.08532274509169724
-0.08574063670952314
-0.08529341031478094
-0.08575459374772393
-0.0851782174710749
-0.08539263361257787
-0.08565097830116741
-0.08570682432186649
-0.08545435153453951
-0.08571578368665134
-0.08543084154430503
-0.08578632436165934
-0.08548997594358848
-0.08581537538930162
-0.08552028763009639
-0.08586370310805658
-0.08552656495753036
-0.08572370451231848
-0.08585915693972312
-0.08557838967928788
-0.08591570337102
-0.0855707433718943
-0.0859537035055179
-0.08575874179382059
-0.08575185176164207
-0.08587019052755662
-0.08576677812871702
-0.08583963970945896
-0.08578742480673252
-0.08587704183475875
-0.08593455186130916
-0.08578186902577356
-0.08593757126350421
-0.08580815582594259
-0.08603211001616062
-0.08586836955292249
-0.08601294440062468
-0.08584516970462647
-0.08612237133036316
-0.08593397603676151
-0.08611006429555929
-0.08588287003095868
-0.08526051822998237
-0.086084916923305
-0.08597795260934132
-0.08606680994785837
-0.08602508287590482
-0.08608715768616199
-0.08607547676101496
-0.08610242651316014
-0.08610234294555258
-0.08617357870574138
-0.0861709843997841
-0.08601855252672053
-0.08612374974007353
-0.08619843308861569
-0.08618429047455334
-0.08623178047027019
-0.08616076386952765
-0.08627245899251484
-0.08619850919171729
-0.08636640977983201
-0.08612720897144638
-0.08634017716669684
-0.08577181771296516
-0.08618484277338911
-0.08639132704022229
-0.08616438211405536
-0.08643734510748946
-0.08628070348807676
-0.08642723158376375
-0.08623988959664058
-0.08652139956385047
-0.08636303860330635
-0.08646156684909029
-0.08632778501086186
-0.08644366602198339
-0.08668930087344351
-0.08626241450163608
-0.08655075511474664
-0.08658490024216287
-0.08628869227058472
-0.0867124304153794
-0.08633767690952987
-0.0866582184469476
-0.08636479586064688
-0.08623998518368925
-0.08670694188310135
-0.0863482205938006
-0.08674976808041257
-0.08670857526588344
-0.08645155060516524
-0.08671212056663297
-0.08643004004116239
-0.08680696326737608
-0.08653970055887256
-0.08677182037900044
-0.08648290302829598
-0.0868968590490391
-0.08657342840019117
-0.08685630053969023
-0.08656882219737433
-0.08697150117901509
-0.08660934557926353
-0.08695088545351742
-0.08657652757451206
-0.08665983922891063
-0.08648370774194269
-0.08696757823914247
-0.08677793349560958
-0.08665285352614038
-0.08689135399672859
-0.08678032521299173
-0.08691146370639496
-0.08674122249112082
-0.08696789459350002
-0.08684882600158839
-0.08697368101620162
-0.08682676563610509
-0.08704238946032722
-0.08688425981382986
-0.0870682915957483
-0.08690987455801275
-0.08711513290162348
-0.08692064468051708
-0.08716103064809383
-0.08696043960223121
-0.08709243616146117
-0.08680772895381317
-0.08706805116556887
-0.08675999751710073
-0.08702774194078594
-0.08702616685219694
-0.08713004510678846
-0.08711116193736507
-0.08706268707109605
-0.08710088963821766
-0.08716954694259715
-0.08717332893233753
-0.08717347134712805
-0.08717371741135521
-0.08720530777123398
-0.08726633613888829
-0.08718460948884266
-0.08735083561911622
-0.08712468378083477
-0.08738012883959018
-0.08716424079553192
-0.08743719529146465
-0.08719940317394131
-0.08741471970120718
-0.08720812673643064
-0.08720710901087675
-0.08746472083272289
-0.08724936821256712
-0.08748550824540863
-0.0867579046739646
-0.08726670017402216
-0.08745967629717144
-0.08761915230723988
-0.08718175152468427
-0.08760782332662093
-0.08719128351086125
-0.08765579072869134
-0.08727580032125615
-0.08769059415144748
-0.08726492657815649
-0.08769062188413856
-0.08736977272483448
-0.08776414716361408
-0.08734780196453501
-0.08772634089319292
-0.0874434972599536
-0.08767178139084031
-0.08775910853396462
-0.08761003041006188
-0.08747032102251329
-0.08771709168567621
-0.08750632882902576
-0.08730409553119767
-0.08780377098293674
-0.08748959827841712
-0.08777840129955167
-0.08752061553495316
-0.08787774333707876
-0.08752396936068002
-0.08787233903371039
-0.08760359644447574
-0.08794994644675408
-0.08755925917523094
-0.08796439815416768
-0.08766666165027742
-0.08791654236232327
-0.08788073389803053
-0.08744571419343838
-0.08775625892907646
-0.08785281683115626
-0.08777485627420373
-0.08792526079698432
-0.08784141270113521
-0.08792638103184658
-0.08780916591420485
-0.08801858844219956
-0.08791607762374648
-0.08788962831145319
-0.08800359261207397
-0.08779595987457972
-0.08807754623025799
-0.08793459106747087
-0.08807809045241966
-0.08798049792628482
-0.08799297264245165
-0.08798400368133608
-0.08809933195609204
-0.08803817662611974
-0.08804338022318742
-0.08807807028705644
-0.08813297266136294
-0.08757052142166888
-0.08810417392708508
-0.08814968885379915
-0.0881192221419872
-0.08811007027273193
-0.08817620527432629
-0.08821443291430375
-0.08818025460788248
-0.08819009865589428
-0.08824652062852073
-0.088204559156292
-0.08838901940135296
-0.08807534136400891
-0.08788781412309898
-0.08829646572143623
-0.08818178742738619
-0.08840881754009411
-0.08817156799961329
-0.08838026441564989
-0.08827424468882067
-0.08844275317514394
-0.08811984416173324
-0.08823585561001396
-0.08848417737991709
-0.08831408128361651
-0.08840102724288618
-0.08855432108779665
-0.0881902050797197
-0.08861511768023383
-0.08822723258259801
-0.08861668835791164
-0.08826430159687121
-0.08869084239114572
-0.08827870657167386
-0.08869980732882804
-0.08812621972915657
-0.08835604608348269
-0.08871010716367034
-0.08833759161968008
-0.08871119743853012
-0.08842683940926821
-0.08869013417984106
-0.08866767936294689
-0.08844783188045502
-0.08851304330903531
-0.08872228532970505
-0.08849629474146553
-0.08874321359061471
-0.08844809240638007
-0.08881517801523581
-0.0885295934917017
-0.08881619352823322
-0.08853054885534728
-0.08890620129334936
-0.08856375510316977
-0.08888743906899305
-0.08861038439935248
-0.0889079473895924
-0.08881053404341122
-0.08872772997575928
-0.08871638220489064
-0.08886481463004764
-0.08870773162120105
-0.08887045604844196
-0.08874611616955391
-0.08893828018646965
-0.08879096740198217
-0.0889619628660886
-0.08867091669071847
-0.08872309929420397
-0.08900214366374093
-0.08882580487039632
-0.08897185202881036
-0.08885518744538029
-0.08907192228276478
-0.08886000274916567
-0.0890614545110392
-0.08893281603239861
-0.0890339587145812
-0.08901357969293638
-0.08902327277154048
-0.08898788182233119
-0.08909563186186542
-0.08910474166302901
-0.08876199488401415
-0.08904240427008303
-0.08907898628962224
-0.08910715551946607
-0.08916201206973295
-0.08907618145716789
-0.08860886797577994
-0.08914130945441967
-0.08912205681027613
-0.08917185483689988
-0.08916019107258955
-0.08926210286274433
