0.326659097018647
2.283363576870939
1.240724107009026
0.5529483003636947
0.6594563557963176
0.4094819889835921
0.5485365601367372
0.323130509372601
0.4749653817852333
0.2624090529533399
0.4200214603328767
0.2327048346615165
0.357819367653352
0.1983438772672594
0.3155271157786148
0.1779304062677253
0.2798281481014855
0.1856149013591928
0.2559969913355762
0.1688468812518216
0.250698107550282
0.161840957465478
0.2337319456405046
0.1633424628865272
0.2174486651810724
0.1532215821854933
0.2148073919612501
0.1533938390963073
0.1998335907546316
0.1448885696697915
0.2013105595656464
0.1411252346576099
0.1897458740502966
0.1407731449716131
0.1823163619679072
0.1346675407558998
0.1774303361254708
0.1345866866461544
0.1710108374740976
0.1294103963048498
0.1695076354264932
0.1250388870053157
0.1637931966673808
0.1263535180431486
0.1565272564368256
0.120552355770357
0.1581959553208373
0.1177822272097121
0.1522972702199467
0.1191076005081669
0.1457966491575889
0.1142567375218451
0.1475619209342728
0.1117105442290841
0.141882761271224
0.1126689549263069
0.1366834359782329
0.1083755200321433
0.1385837853262533
0.1064730121023627
0.1326865777847339
0.1062911100911423
0.1305084677443696
0.1043393631409968
0.1278655086393843
0.1018758144224164
0.1260615672364355
0.1001735072155922
0.1240396368509915
0.09995451109177519
0.1209107728558329
0.09784157471113145
0.1198067661506058
0.09678653678209034
0.1167088847975558
0.09503490461304978
0.1151675378766355
0.09259513848866208
0.1143648736597338
0.0927367377441779
0.1101637513598471
0.09138116865534127
0.1105343114318716
0.08793490582517099
0.1084234260256256
0.089212656575344
0.105975077284076
0.08713839560325795
0.105237758705815
0.08487200831468325
0.1035753248216127
0.08601245086918141
0.1003294598776451
0.08312615342845894
0.1019701292626363
0.08216643663776946
0.0976156867922307
0.08275466411375862
0.09769975791297875
0.0795094689566419
0.09663029046097465
0.07949070640903172
0.0940282648566142
0.07898199221879304
0.0935557189782838
0.07653685998513099
0.09255843698492544
0.07665019005835227
0.09030439702116122
0.07558390757353017
0.08985470778976737
0.07463209803546647
0.08790641601038418
0.07394341991455644
0.08791687195253606
0.07206757492306332
0.08634079766393229
0.07293562024908473
0.08395790135499775
0.07073098551709292
0.08536817549697462
0.06974289167512809
0.0823656031741459
0.06971918643990671
0.08231388443926768
0.06865903563345022
0.08096383646798833
0.06799760319644294
0.07954951987490549
0.06666452252855265
0.07949228170620926
0.06605911629949535
0.0772989252135638
0.06612602690435782
0.07724045631171406
0.06397694661588299
0.07636551017944759
0.06444182905530202
0.07473620263137237
0.06286961233231436
0.07499729980599723
0.06226152675675867
0.07336104572432334
0.06145831828717585
0.07282757723656857
0.06152582962136133
0.07107966074340172
0.06060620807703992
0.07126047702636473
0.05930091110056229
0.07006776751224864
0.05929712174244056
0.06901950663214151
0.05781186651119785
0.06902330276330837
0.05777003990701993
0.06741981241894779
0.0565953621905731
0.06726035904245148
0.05696316671389579
0.06541524076559058
0.05602248909402679
0.06576050672838185
0.05489659510168315
0.06448767067162459
0.05489313568770232
0.06375176606128707
0.05344480945105173
0.06353959241456103
0.05374901486632311
0.06207728036413485
0.05245105313575732
0.06229513367269185
0.05213419187342211
0.06096929177149624
0.05123225582163315
0.06060418846832133
0.05119524237626116
0.05910827452628953
0.05019390749716768
0.05962527037929699
0.04984535394671891
0.05785416280437328
0.04924069456523567
0.05794995948500831
0.04862763001602494
0.0569603165594304
0.04822897941673981
0.0564535262631663
0.04712235375403528
0.05616668067516312
0.0476664838956552
0.05448348323671276
0.04650802637583229
0.05518331026640561
0.04628820254500438
0.05362424501680596
0.04550054056166619
0.05384660132602892
0.04484558128496491
0.05277626616703834
0.04462796399180397
0.05241513869364145
0.04353459630538709
0.05187646998098994
0.04386105121233735
0.05098423070419839
0.0428666739332455
0.05085430697696897
0.04268562287786531
0.04996831372446014
0.04178891757045772
0.049830118869785
0.04162979392720617
0.04897092796381641
0.04080139299832214
0.04881524242797508
0.04058384837063894
0.04802910014554684
0.03991659473484938
0.04756603440535329
0.0401293448403478
0.04685217118865564
0.03914932395163656
0.04647070898992983
0.03917219226788077
0.04532114835795886
0.03870674131663415
0.04552581001335571
0.03790649684670244
0.04472415156486326
0.03787435235851899
0.0442562507468886
0.03684896491820477
0.04391006449932883
0.03717317489436678
0.04309743734549931
0.03621089573344177
0.04299725206782107
0.03623574359770998
0.04213187572122812
0.03530829938772329
0.04211365187277838
0.03533891804219219
0.04122586298395114
0.0344533552791782
0.0412403573292443
0.03444848533754524
0.04036285838562542
0.03362110636294746
0.04037132953409284
0.03355551564322595
0.03953777977947992
0.03281122150305255
0.03950135518323483
0.03266224257975814
0.03874697153173051
0.03202594179270607
0.03862462836555647
0.03177441329703795
0.0379836597436698
0.03126781853860644
0.03773770133382737
0.03090121121157374
0.03723687934771025
0.03053553405915066
0.03684567693563656
0.03005349571980526
0.03649465768063637
0.02981897779450488
0.03596616042896639
0.02930036347998821
0.03566428736606975
0.02938121182618958
0.03478456256828666
0.02864998807537822
0.03482797254597442
0.02872882715147901
0.03373902816526769
0.02843316324725831
0.03379183515209244
0.0277634049482991
0.03313485390487175
0.02784762682339664
0.03281231984795385
0.02695576665543631
0.03246509975066875
0.02728645737947627
0.0318728919235744
0.02641546841912928
0.03174133906896121
0.02654442996981188
0.03104957698214672
0.02568992723156621
0.03103700485120187
0.02583824209492402
0.03028640853984887
0.02499406455846831
0.03033926236028772
0.0251315846495303
0.02955592388107625
0.02431264511932174
0.0296465141510438
0.02441784604992936
0.02885521556445492
0.02364422901667396
0.0289568447730848
0.02369849413119801
0.02818266078277104
0.0229889801455383
0.02826751683320283
0.02297657305721779
0.02753535356503084
0.02234794466122636
0.02757544703651216
0.02225653194735638
0.02690881476697632
0.02172244003514284
0.02687812378592908
0.0215438408818639
0.02629708732978375
0.02111290200950244
0.02617528034485783
0.02084443840345362
0.02569376771291959
0.02051753169698223
0.02547047550759474
0.02016329331609862
0.02509333442224687
0.01993128341505485
0.02477118478075546
0.01950298858473593
0.02449259609450694
0.01934703391906012
0.02408618765554971
0.01886323645452903
0.02389058180607379
0.01875823846003516
0.02342273773658005
0.01824206638351222
0.0232870951789424
0.01816081644442624
0.02278487891676284
0.01763739605024128
0.02268161377579525
0.01755401742228591
0.02217345937238907
0.01704802058887939
0.0220726287230909
0.01693974988518226
0.02158663443401992
0.0164954949574514
0.02141422829663159
0.01653355431956821
0.02080557203753092
0.01600555006898091
0.02077228123364511
0.01604448734956182
0.02008886377598185
0.01548554115926515
0.02017226541919764
0.01551200648751599
0.01945138965846316
0.01506605327836641
0.01943878856334547
0.01472658135039917
0.01896352277685109
0.01470347795886817
0.01874464473186926
0.01412550312245708
0.01845421932293362
0.0142788130447038
0.0180296653411412
0.01359051574798276
0.01788691128583991
0.01381193920439039
0.01737908301326641
0.01310164378099282
0.0173479694141358
0.01325341279695752
0.01679157944446291
0.01256592047943106
0.01682344004008585
0.01272304067135077
0.01622126870984003
0.01203783650158247
0.01630055945465086
0.01218013048274275
0.01567689415402879
0.01151871578670349
0.01577805692916506
0.01162645478172808
0.01515679684557919
0.01100856758524221
0.01525366075592488
0.0110653689726869
0.01465808020157217
0.01050842903185067
0.01472456412772499
0.01050140407010575
0.01417645183725846
0.01001973581360283
0.01418828230313718
0.009939900787228562
0.01370640846046733
0.009543220485948023
0.01364445807143544
0.009386614913193425
0.01324187469437438
0.009077303767304368
0.01309652547140022
0.008846354734704631
0.01277777690743631
0.008617256745240665
0.01255169434413345
0.008321654263142464
0.01231125145006023
0.008156527392365442
0.01201809733004827
0.007812491966069035
0.01184137247482275
0.007689567743992876
0.0115016012163543
0.007317468028798846
0.01136796735175721
0.007213904871260834
0.01100461786231943
0.00683512662320207
0.01089051686657438
0.006729959020648602
0.01052656767900245
0.006364599718956476
0.01040824776519506
0.006240510455351345
0.01006462079113712
0.005909845694529348
0.009840321083779968
0.005913636388333143
0.009513048864150053
0.005540644486390078
0.009203263025625574
0.005503508751495245
0.009022746107704871
0.005149967295984714
0.00870302401091122
0.00504898453846947
0.008321194154329137
0.004811413146939447
0.008242279065138747
0.004532660494421858
0.007869364931939182
0.004545135659563659
0.007704444480159944
0.004059735245627027
0.007451654176911848
0.004182774449148274
0.00714503743330247
0.003605008923085185
0.007026717201376709
0.003802206924843843
0.006613625568916093
0.003214181364704249
0.006565955329856377
0.003369706690774521
0.006127050870069262
0.002783447062540745
0.006136731662946315
0.00294280158259036
0.005653270960596701
0.002357310248755351
0.005708952353760011
0.002505864530766788
0.005198365097768776
0.001936525622247443
0.00528210535532031
0.002060670733091297
0.004760775086930957
0.001520760773195629
0.004855152384100558
0.001609769539883343
0.0043383569214
0.001110249144447351
0.004426807067959004
0.001156076121295868
0.003928562021007387
0.0007054990232325253
0.003995853136236571
0.0007026145014660257
0.003528455433760957
0.0003069245275535426
0.00356162889670919
0.0002524264061485315
0.003135052014939299
-8.549469149088385e-05
0.003124376046919508
-0.0001918550138080288
0.002745567919635539
-0.0004725443404821617
0.002685500859122725
-0.0006282658358862103
0.002357844514493834
-0.0008557601789089264
0.002247322395315055
-0.001055765982567569
0.001970523051638084
-0.001237111364007726
0.001812503424751422
-0.001474215599297612
0.001582970214157819
-0.001618497496168381
0.001383550491042496
-0.001884060263406817
0.001195021084350767
-0.002001323388730214
0.0009621384976908343
-0.002286117890651085
0.0008067270036379304
-0.002386271204495805
0.0005492605718279697
-0.002681198063513468
0.0004181505694608734
-0.002773374709636012
0.0001451110609275164
-0.00307003518299287
2.935687022870281e-05
-0.003162089243829769
-0.0002507109058460522
-0.003453251632060339
-0.0003595986368138959
-0.003551528266658832
-0.0006390045597148286
-0.003831382340459488
-0.000748564338794333
-0.00394059936190172
-0.001020807532466361
-0.004204947659662506
-0.001137226816173675
-0.004328187908017811
-0.001397311054181616
-0.004574553593782338
-0.001525033368423245
-0.004713241348666186
-0.001769628699479942
-0.004940852456678191
-0.001911248285557221
-0.005094927837522634
-0.002138791690926178
-0.005304572499240323
-0.002294990024368337
-0.00547263874569065
-0.002505641553334881
-0.005666407335269852
-0.002675376021725628
-0.005846009119324591
-0.00287082429472435
-0.006026933506614485
-0.003051733224601338
-0.006214923946353812
-0.003234704884408413
-0.006386442349471222
-0.003423651926331595
-0.006579449483622879
-0.003597488254203085
-0.00674501252230314
-0.003791034495624623
-0.00693979778116971
-0.003959208991177132
-0.007102501023143026
-0.004154021618376857
-0.007296253770848582
-0.004319702813188664
-0.007458579198030169
-0.004513023835310603
-0.007649227009200343
-0.00467868799424076
-0.007812846163656073
-0.004868481094274679
-0.007999103579589828
-0.005035813815890133
-0.008164925548337865
-0.005220925341868576
-0.008346312519846077
-0.005390649688247373
-0.008514461423206721
-0.005570850294865537
-0.008691235640712613
-0.005742801087998184
-0.008861191987557582
-0.005918616055882231
-0.009034132508504544
-0.006092026210222867
-0.009205015383904613
-0.006264488279248193
-0.009375162294790518
-0.006438178265820271
-0.009545904041512621
-0.006608564991354204
-0.009709076098995295
-0.006803910442160777
-0.009795191224053701
-0.007057096583937605
-0.00998844286751821
-0.007182484127812805
-0.0100651023888072
-0.007474465883239856
-0.010288918950007
-0.007537752603403225
-0.01035288840063986
-0.007862656602860063
-0.01059672808621875
-0.007884307359867615
-0.01065257873767395
-0.008229458827293423
-0.01090793927190509
-0.008227507892758001
-0.01095876266354784
-0.008567311568116798
-0.01122816583362818
-0.00863516653246782
-0.01125444667523812
-0.00889858552878392
-0.01156257695586665
-0.008972066930009071
-0.01160735869242607
-0.009266575222698137
-0.01185137097561956
-0.009306411115355184
-0.01193989276287666
-0.009606424351345622
-0.01202024338923008
-0.009698859684144745
-0.01228065440078846
-0.009904724249855501
-0.01229923311161513
-0.01006770560837933
-0.01260832569113601
-0.01020636478071674
-0.01258864291889428
-0.01042396624278841
-0.01292805980343309
-0.01050957913407813
-0.01288658921583613
-0.01076809504384896
-0.01324202106551242
-0.01081356764781288
-0.01319207627654134
-0.01110069959535676
-0.01355145450625161
-0.01111811644524779
-0.01350372754917245
-0.01142284335584409
-0.01385704284489309
-0.01142337090476914
-0.01381995499390881
-0.0117357684408006
-0.0141590928888522
-0.01172966427213945
-0.01413911422944553
-0.01204087728113318
-0.01445771283192954
-0.01203729735628395
-0.01445952359302238
-0.01233969983835176
-0.01475299766562715
-0.0123463945561455
-0.01477959905754145
-0.0126337256897151
-0.0150451402816783
-0.01265678344459914
-0.0150979500114094
-0.01292432075023991
-0.0153345191922073
-0.0129679501263994
-0.01541349362099098
-0.01321267001892329
-0.01562173981328691
-0.01327901710937346
-0.01572544235522766
-0.01349967197611307
-0.01590753381328136
-0.01358899300425997
-0.01603338681868111
-0.01378592910353654
-0.01619262249751874
-0.01389687938474948
-0.01633719809927958
-0.01407182537387247
-0.01647761904783068
-0.01420183188771157
-0.01663695950317445
-0.01435758524162389
-0.01676293877488538
-0.01450325356928567
-0.01693286068042149
-0.014643293832452
-0.01704872948249514
-0.01480087957931192
-0.01722518087298591
-0.01492896179005448
-0.01733492079793525
-0.01509466420783578
-0.01751420340196019
-0.01521454351581653
-0.01762127649777567
-0.01538476770925473
-0.01780022574792817
-0.01549995183220826
-0.0179074682188331
-0.0156714884471077
-0.01808354247963101
-0.01578501253815667
-0.01819309259530527
-0.01595521286032847
-0.01836445971462519
-0.01606950360051179
-0.01847775691033182
-0.01623634796823004
-0.01864327872814797
-0.01635315526510089
-0.01876110544704923
-0.01651528720754958
-0.01892029277710155
-0.01663569661072384
-0.01904285949443707
-0.01679236842701276
-0.01919575414685304
-0.01691683327958154
-0.01932279960515082
-0.01706790998569857
-0.0194699042084529
-0.01719631664084242
-0.01960078445417995
-0.01734212480720504
-0.01974289423177211
-0.01747395685871944
-0.01987674620265734
-0.01761517234248733
-0.02001482306821922
-0.0177496406201692
-0.02015068247445495
-0.0178871550865804
-0.02028573246048265
-0.01802332214566083
-0.02042262942914225
-0.0181580870690991
-0.02055558747923641
-0.01829504109302404
-0.02069267530490443
-0.01842794254286517
-0.02082432220239699
-0.01856487731214479
-0.02096092791930504
-0.01869667626055865
-0.02109186424686205
-0.01883294541254033
-0.02122750258982886
-0.01896418495566804
-0.02135810861136367
-0.01909937531902256
-0.02149251728432316
-0.0192303851624675
-0.0216229804102312
-0.01936427958450682
-0.02175606602648711
-0.01949519176352305
-0.02188641849947881
-0.01962777748388683
-0.02201824226814381
-0.01975854527089282
-0.02214838646411937
-0.01988993196216798
-0.02227908810648532
-0.02002041065257654
-0.02240887125825491
-0.02015078607009629
-0.02253863118441907
-0.02028080555054623
-0.02266790200156366
-0.02041035149041326
-0.02279213224747983
-0.02057663901365359
-0.02287040792683209
-0.02070887685303574
-0.02299761041949527
-0.02090199144750821
-0.02309622552029572
-0.020984210143011
-0.02321244990984184
-0.0212063280661654
-0.02332857906048819
-0.02125236945508047
-0.0234375534069593
-0.02149166130532398
-0.02356354587508441
-0.02151878195671181
-0.02367043532424201
-0.02176420809581514
-0.02380076729647185
-0.02178392589922212
-0.0239080184084916
-0.02201847565201187
-0.02404700534112458
-0.02207259651733734
-0.02414073637363912
-0.02226742580976021
-0.02430115905154451
-0.0223523664886448
-0.02437571874411398
-0.02253824966482765
-0.02454175522541985
-0.02259679622207061
-0.02463340776794476
-0.0227868452545239
-0.02479293101446273
-0.0228650104119052
-0.02487538425364649
-0.02304865323718586
-0.02503794194363518
-0.02311553421199997
-0.02512629782458869
-0.02330225066801167
-0.02528601136815484
-0.02337821462582473
-0.02537210935511547
-0.02356210015657118
-0.02553498744310984
-0.02363559339770482
-0.02562413963223453
-0.02382501228490419
-0.02575448980478084
-0.02389176803333481
-0.02579836357253928
-0.02410958342847341
-0.0258802045696373
-0.02418124136849242
-0.02605214737691619
-0.02433651853252866
-0.02610194144332406
-0.02444295252052625
-0.02629778088968149
-0.02456505943767417
-0.02632939296566655
-0.02469893291164998
-0.02653938825616015
-0.02479432097020934
-0.02655987471292093
-0.02494988701054912
-0.02677784316850834
-0.02502408415220542
-0.02679299242034155
-0.02519593915643098
-0.02701362520580347
-0.02525428243094391
-0.02702828331140011
-0.0254373529045252
-0.02724705914830816
-0.0254849244282121
-0.02726519242602776
-0.02567456000554241
-0.02747837824110938
-0.02571602666341116
-0.02750309012302843
-0.02590804642544303
-0.02770775565496914
-0.02594759616473752
-0.02774136458636972
-0.02613835171598977
-0.02793535110753725
-0.02617957304984747
-0.02797942769798689
-0.02636601394331722
-0.02816133548517624
-0.02641182094098166
-0.02821676503907278
-0.02659154595256419
-0.02838591160238979
-0.02664412980844266
-0.02845294881726751
-0.02681537729889438
-0.0286092922308262
-0.02687623559235547
-0.02868766924614102
-0.02703788923232314
-0.02883171550615943
-0.02710781630030018
-0.02892070020253701
-0.027259389745248
-0.02905341757073682
-0.02733855191491674
-0.02915190772909793
-0.02748009715077598
-0.02927459147738287
-0.02756816183089372
-0.02938124422776545
-0.02770017513620465
-0.02949539037230375
-0.02779639827007768
-0.02960871551108812
-0.02791975292965482
-0.02971592634758069
-0.02802307860939424
-0.02983436294715236
-0.02813889829440946
-0.02993623663295669
-0.02824809432996506
-0.03005825815810109
-0.02835764803592794
-0.03015631021446619
-0.02847140921850089
-0.03028049533591348
-0.02857601340807547
-0.03037609182457168
-0.02869302426789483
-0.03050116778389961
-0.02879397763390679
-0.03059549644417192
-0.02891301123276291
-0.0307203885712739
-0.02901149739088899
-0.03081441353227615
-0.02913145125160882
-0.03093826212705897
-0.02922852591421116
-0.03103273599264877
-0.02934843388613106
-0.03115488514695219
-0.02944500932383187
-0.03125036598445752
-0.02956407602580635
-0.03137035967113128
-0.02966085494057907
-0.03146719390676739
-0.02977850711780877
-0.03158478793750841
-0.02987596852625179
-0.03168312600460127
-0.02999182874851347
-0.03179825370468109
-0.03009028851004114
-0.03189810791542247
-0.03020413222639501
-0.03201082385445764
-0.03030373559356242
-0.03211208653525
-0.030415500626921
-0.03222255686953013
-0.03051625026965415
-0.03232503289346306
-0.03062600399125143
-0.03243349750222829
-0.03072778404136062
-0.03253692787765761
-0.0308356804910031
-0.03264366517870226
-0.03093831414256237
-0.03274777774336524
-0.03104457409148237
-0.03285308043519847
-0.03114782311173825
-0.03295758927395104
-0.0312526983577967
-0.0330617412622593
-0.03135631757421087
-0.03316638558985052
-0.03146005956947323
-0.03326963910464903
-0.03156380902620837
-0.03337419060902319
-0.03166664751413889
-0.03347675597394295
-0.0317703259443527
-0.03358103842716786
-0.03187245377228481
-0.03368307699803152
-0.03197588885102909
-0.03378695661090952
-0.03207748216126022
-0.0338885980179584
-0.03218051660638666
-0.03399196615183314
-0.03228171386337358
-0.03409330136972233
-0.03238424581389204
-0.03419609847351013
-0.03248512562610734
-0.03429716971101426
-0.03258710944967536
-0.03439938029495476
-0.03268770332341459
-0.03450019497981677
-0.03278913405471279
-0.03460183355538077
-0.03288944344883687
-0.03470237660224212
-0.03299033099050619
-0.03480346655310146
-0.03309034841300668
-0.03490371852765967
-0.03319070849972872
-0.03500428750800183
-0.03329042653259928
-0.03510423056330175
-0.03339027625132951
-0.03520430152770571
-0.03348967123758889
-0.03530391216692208
-0.03358905252371686
-0.03540352404062408
-0.03368809669389516
-0.03550277579142785
-0.0337870306287601
-0.03560190993219953
-0.03387480960162098
-0.03566781963924065
-0.03400649988655863
-0.03576490270106308
-0.0341180249105098
-0.03584632366913748
-0.03421306619819819
-0.03593286402354834
-0.03434861910970188
-0.03602802112597175
-0.03441667269843862
-0.03610694299624861
-0.03456763753288949
-0.03621104324278551
-0.03462000536373228
-0.036285898038944
-0.03477858795546679
-0.03639533856470883
-0.03482275560854714
-0.03646796774965361
-0.03498423830834263
-0.03658077109007146
-0.03502416956043758
-0.0366518098770684
-0.03518637370846872
-0.03676703128109982
-0.03522384391274974
-0.03683659058814309
-0.03537985279595562
-0.03695801994182552
-0.03543580746439101
-0.03701482146060425
-0.03557268670644659
-0.03715092041531798
-0.03564419096005134
-0.03719526855323618
-0.03576255527318473
-0.03734170736619069
-0.03583657664391571
-0.0373846355115745
-0.0359662278172963
-0.03752338518521764
-0.0360222655876532
-0.03757627545371084
-0.03615707828604758
-0.0377118044100605
-0.03622701759995106
-0.03775457787071745
-0.03634346303825198
-0.03790120947069447
-0.03641118718413272
-0.03794617241444193
-0.03654361044058169
-0.03808087689030082
-0.03659476381691951
-0.0381344371888076
-0.03672997817058954
-0.03826893722646757
-0.03679762265251446
-0.03831076423153296
-0.03691445611571936
-0.03845580808886417
-0.03698231798057477
-0.03849806631574371
-0.03711239831042396
-0.03863346071140195
-0.03716374659932814
-0.03868462831827807
-0.03729750689916173
-0.03881865118809985
-0.0373636181133794
-0.03885906280164436
-0.03747988915700379
-0.0390035393540949
-0.0375453043351805
-0.03904491644812835
-0.03767521794679612
-0.03917934884163304
-0.03772485110656337
-0.03922919978398698
-0.03785810864028449
-0.03936264809968865
-0.03792221328928119
-0.03940179602705424
-0.03803861162248157
-0.03954546882699661
-0.03810238968779212
-0.03958515618052705
-0.03823154708372256
-0.03971944687151768
-0.03828003590489182
-0.03976745708839313
-0.03841257368725692
-0.03990062724686583
-0.03847479685391392
-0.03993825850000871
-0.03859118609504969
-0.04008146920558942
-0.03865290797197662
-0.04011963456984924
-0.03878175764840625
-0.0402536675024795
-0.03882872109110591
-0.04029989387831434
-0.03896086336207782
-0.04043286815829611
-0.03902103007151947
-0.04046893531152096
-0.03913763725019342
-0.04061175504819181
-0.03919733521787577
-0.04064820846606859
-0.03932590078586889
-0.0407822067682822
-0.03937133721270503
-0.04082651759977873
-0.03950317039192608
-0.04095941743655102
-0.03956123552401591
-0.0409938378742763
-0.03967813481153598
-0.04113639588841078
-0.03973570049366826
-0.04117110887627679
-0.03986415956142964
-0.04130513441391098
-0.03990792708764429
-0.0413474943900532
-0.04003957554343773
-0.04148044992066502
-0.04009550030813847
-0.04151312608576074
-0.04021276340127317
-0.04165555083544104
-0.04026816627342972
-0.04168844714812592
-0.04039660384922589
-0.04182260842986019
-0.04043864725503082
-0.04186295232408954
-0.04057024491375932
-0.04199602666346719
-0.04062396330193419
-0.0420269274893379
-0.04074168378763404
-0.04216929579461615
-0.04079487317453478
-0.04220032887394704
-0.04092338666902007
-0.0423347060915038
-0.04096364090870769
-0.0423729918331166
-0.04109526792201273
-0.04250628050038119
-0.04114676176085652
-0.04253534355470734
-0.04126499197163419
-0.04267774806989327
-0.04131593030554764
-0.04270688810783257
-0.04144461890386647
-0.04284154041458965
-0.04148301451727304
-0.04287774788180215
-0.04161476003309067
-0.04301132871512953
-0.04166400056985964
-0.04303850646449636
-0.04178279767325144
-0.04318102965637238
-0.04183147577311463
-0.04320822323382711
-0.04196039639374616
-0.04334323417840641
-0.04199690423113456
-0.04337732461959926
-0.04212885611119344
-0.0435112445533869
-0.04217580423544176
-0.04353652181513767
-0.04229523724744544
-0.04367921627188709
-0.04234162251219081
-0.04370445328404704
-0.0424708509102506
-0.04383986306764054
-0.04250542726144313
-0.04387181954235397
-0.04263764072877801
-0.04400614889281668
-0.04268230572713383
-0.04402948287418434
-0.04280239488357335
-0.04417242614301986
-0.04284647815168807
-0.04419567229792537
-0.04297608209012754
-0.04433154213464691
-0.04300868534839741
-0.04436135223277043
-0.04314123519568452
-0.04449613140741587
-0.04318359147973061
-0.04451751053764214
-0.04330439117634904
-0.04466074551051696
-0.04334616242040362
-0.04468199137071044
-0.04347619191475277
-0.04481835887734043
-0.04350680187697903
-0.04484601001792032
-0.04363973257507187
-0.04498129645671273
-0.04367977944445306
-0.04500069230946857
-0.04380131923523145
-0.04514428162203599
-0.04384077422611143
-0.04516350210509146
-0.04397127339264256
-0.04530042146688235
-0.04399987540703604
-0.04532589201681586
-0.04413324730942658
-0.045461728797974
-0.0441709706367841
-0.04547912570082757
-0.04429329470091653
-0.04562310738693803
-0.04433041673535221
-0.04564030419203635
-0.04446143685832948
-0.0457778027515533
-0.04448800790038021
-0.04580109944677396
-0.04462186181107142
-0.04593752055989242
-0.04465727038926087
-0.04595290954978482
-0.04478039435555137
-0.04609733317600284
-0.0448151944147433
-0.04611248807236712
-0.0449467790975801
-0.04625060468464315
-0.04497130058777132
-0.04627171432414001
-0.04510568348810767
-0.04640876117631193
-0.04513876790320964
-0.04642212761364467
-0.04526272793094338
-0.04656703822447522
-0.04529519965328077
-0.04658013494876112
-0.04542738493533682
-0.04671891483328727
-0.04544984680704889
-0.04673783107550528
-0.04558480238552837
-0.04687553784467208
-0.04561556235599518
-0.04688687199961272
-0.04574038674630482
-0.0470322987890171
-0.04577052632770107
-0.04704334688654377
-0.04590335467600165
-0.047182803722919
-0.04592373999191096
-0.04719953846058517
-0.04605929972490214
-0.04733793216911159
-0.0460877398283645
-0.04734723205824654
-0.04621344712729847
-0.04749321563035724
-0.04624127172504044
-0.04750219320818355
-0.04637476503485055
-0.04764237150314077
-0.04639307419539024
-0.04765691483309187
-0.04652927998762146
-0.04779601413668133
-0.04655540364903993
-0.04780328265575023
-0.04668201492250623
-0.04794984363286153
-0.04670751653367067
-0.0479567712495893
-0.04684171494832506
-0.0480976747533528
-0.04685793462420162
-0.04811004376525735
-0.04699480248182381
-0.04824988822171988
-0.04701862123966
-0.04825511201278937
-0.04714615432910146
-0.04840228211307479
-0.04716935336807121
-0.04840714764698612
-0.0473042710047355
-0.04854881175227033
-0.04731841053407349
-0.0485590018133818
-0.04745597525663425
-0.04869959912288163
-0.04747749250413785
-0.04870279174735176
-0.0476059639838875
-0.04885059343404474
-0.04762686037513347
-0.0488534056840117
-0.04776252938635811
-0.04899584409788083
-0.04777458212208585
-0.04900386115279998
-0.0479128603982707
-0.0491452507539214
-0.04793209592388081
-0.04914639389470676
-0.04806150957744521
-0.04929486714311709
-0.04808011237023169
-0.04929562527971176
-0.04821655850176787
-0.04943885872226633
-0.0482265189126812
-0.04944471187325505
-0.0483655518575784
-0.04958689495967505
-0.04838249825690427
-0.04958600830585197
-0.04851288290294686
-0.04973516167403297
-0.04852920464144217
-0.04973386538927538
-0.04866644032182393
-0.04987791686344023
-0.04867431896795132
-0.04988160715491663
-0.04881411703965022
-0.05002460952022986
-0.04882879025065612
-0.05002169034947163
-0.04896015666899212
-0.05017154319100448
-0.04897420012016485
-0.0501682060297351
-0.04911225108664774
-0.05031308469846857
-0.04911804512779888
-0.05031462987331181
-0.04925862570638262
-0.05045846634788898
-0.04927103749990103
-0.05045352067317843
-0.04940339453302822
-0.05060409496584717
-0.04941517771620008
-0.05059871939831467
-0.04955405863309204
-0.05074444042979703
-0.04955777510878723
-0.05074384154447231
-0.04969915598028446
-0.05088853571630725
-0.0497093241098247
-0.05088155716863396
-0.0498426726744603
-0.05103288189996413
-0.04985220550666986
-0.0510254673930205
-0.04999193210639791
-0.05117205185267015
-0.04999357422295164
-0.05116931777569811
-0.05013578575285293
-0.05131486775107263
-0.05014370563232257
-0.05130587874170961
-0.05027807154783542
-0.05145795627224775
-0.05028536256472343
-0.05144851379882254
-0.05042595182577192
-0.05159597023302248
-0.05042552425300623
-0.05159111072357275
-0.05056856957026462
-0.05173754187741364
-0.05057426309416152
-0.0517265370679168
-0.05070964632175362
-0.05187939248426265
-0.05071470691712271
-0.0518679273725991
-0.0508561766854036
-0.05201626849586344
-0.05085368035589616
-0.05200929579313757
-0.05099758148929207
-0.05215661525775178
-0.05100106169304353
-0.05214360264334461
-0.05113746599369345
-0.05229724994595614
-0.0511403111870507
-0.05228377121492955
-0.05128266887240446
-0.0524330065105913
-0.05127811497427565
-0.05242393230605935
-0.05142288517168442
-0.05257214696513268
-0.05142416033043018
-0.05255713922263783
-0.05156159838141733
-0.0527115839352193
-0.05156224184778707
-0.05269610374481298
-0.05170549883037368
-0.05284623858173859
-0.05169889570899233
-0.05283507594130282
-0.05184454165713859
-0.05298419612564081
-0.05184362801214748
-0.05296720175154834
-0.05198210517623258
-0.05312245288345147
-0.05198055965574377
-0.05310498438267219
-0.05212472874614726
-0.05325602317299066
-0.05211608392499956
-0.05324278458305159
-0.05226261394692649
-0.05339281957709247
-0.05225952753407509
-0.05337384653847804
-0.05239904461269024
-0.05352992111150356
-0.05239532476803671
-0.05351046900527673
-0.05254041303021018
-0.05366242467148075
-0.05252973582609222
-0.05364712120709669
-0.05267716319619475
-0.05379807945204007
-0.05267191315074421
-0.05377713609378254
-0.05281247850026899
-0.05393404395012485
-0.0528066035119274
-0.05391260567615153
-0.05295261865150325
-0.05406549553142381
-0.05293991719810481
-0.05404813201962605
-0.05308824934039452
-0.05420002853212114
-0.05308085191618545
-0.05417711589864976
-0.05322246746583059
-0.05433487232119483
-0.05321444226294431
-0.05431146446874918
-0.05336139517278643
-0.05446529154292018
-0.05334668061552261
-0.0544458755256429
-0.05349593413251541
-0.05459871124496907
-0.0534863987439067
-0.05457384362252038
-0.05362907270613765
-0.05473245331330717
-0.05361890052345636
-0.05470709938115242
-0.05376681257236404
-0.05486185315846781
-0.05375007648622132
-0.05484041845564336
-0.05390025602628218
-0.05499419783828019
-0.05388860007390883
-0.05496738582184901
-0.05403233129226825
-0.0551268551507072
-0.05402005128819681
-0.05509954318032262
-0.05416890588940382
-0.0552552510864347
-0.05415018251119758
-0.0552317861639347
-0.05430129121442206
-0.0553865199151708
-0.05428752660341951
-0.05535777029655842
-0.05443231903794526
-0.05551811350839347
-0.05441792325285311
-0.05548886892936344
-0.05456774529305064
-0.05564552162690578
-0.05454702502325998
-0.05562005512483992
-0.05469907881214847
-0.05577574067183555
-0.05468321745256643
-0.05574506827620102
-0.05482907515856439
-0.0559062851790646
-0.05481259261559146
-0.05587510621034636
-0.05496337313491201
-0.05603272066544918
-0.05494068132310242
-0.05600525211989388
-0.05509367843995122
-0.05616189918607989
-0.05507573609304678
-0.0561293112739058
-0.055222660370851
-0.05629141158122974
-0.05520409273725235
-0.05625831924666952
-0.05535584571674423
-0.05641689115435805
-0.05533118539561832
-0.05638743968018251
-0.05548513336370592
-0.05654505354501643
-0.05546512063702341
-0.05651055977907049
-0.05561311698145532
-0.05667354930193486
-0.05559248440015258
-0.05663854623781728
-0.05574521457925913
-0.05679808361065725
-0.05571859462994949
-0.05676665745363085
-0.05587349759721183
-0.05692524754839984
-0.05585142893719852
-0.05688885244930147
-0.05600049836552518
-0.05705274085592615
-0.05597781209484065
-0.05701583484072104
-0.05613152298627505
-0.05717634594302906
-0.05610295617859856
-0.05714295128376079
-0.05625882383010328
-0.05730251851788121
-0.05623471545481185
-0.05726423195282943
-0.05638485439675434
-0.05742902770937375
-0.05636011926272394
-0.05739023938520477
-0.05651482092522675
-0.05755171794415065
-0.05648431066655973
-0.05751637840900287
-0.05664115229873973
-0.05767691694531291
-0.05661500881102777
-0.0576367597087008
-0.05676622769491885
-0.05780245644705961
-0.05673946823750581
-0.05776178951720218
-0.05689515581898918
-0.05792424386622413
-0.05686272207338655
-0.05788696280614697
-0.05702052847332995
-0.05804849015906455
-0.05699237091286347
-0.05800646011099503
-0.05714466488655701
-0.05817307234902319
-0.0571158884544114
-0.05813053833086324
-0.05727257471010005
-0.05829396831519357
-0.05723821513173022
-0.05825476741278007
-0.05739700199408326
-0.05841727341661729
-0.05736684139627535
-0.05837338926991781
-0.0575202094460433
-0.05854091635444741
-0.05748943758668951
-0.05849652234105962
-0.05764711474248208
-0.05866093475241357
-0.05761085255364579
-0.05861981729353166
-0.05777061675369699
-0.05878330882101857
-0.05773846763862645
-0.05873757866965207
-0.05789291277869046
-0.05890602128552674
-0.05786015141915329
-0.05885978485302368
-0.05801882967728922
-0.05902517591205447
-0.05798067074764968
-0.05898215654448141
-0.05814141142635276
-0.05914664065760383
-0.05810729314292318
-0.05909906888469396
-0.05826280636346565
-0.05926844276324911
-0.05822806867725516
-0.05922037190353913
-0.0583877487848895
-0.05938674564876401
-0.05834770283657309
-0.05934183768593509
-0.05850943510269668
-0.05950730455345365
-0.05847334660970155
-0.05945791335442607
-0.05862994226095947
-0.05962820827509396
-0.05859324715788611
-0.05957830635502581
-0.0587539283468782
-0.05974567001382325
-0.05871200980216845
-0.05969887704322596
-0.05887472164377039
-0.0598653469984865
-0.05883668708086615
-0.05981412942921721
-0.05899435560328326
-0.05998536276412003
-0.0589557043074681
-0.05993364921980709
-0.05911739815562639
-0.06010199609804756
-0.05907360723357297
-0.06005333991747763
-0.05923731768603985
-0.06022079707239586
-0.05919733602924609
-0.06016777930118572
-0.05935609074610604
-0.06033993768192769
-0.05931550668457136
-0.06028641380490013
-0.05947820372236207
-0.06045575425819166
-0.05943256052201562
-0.06040524044298184
-0.05959725752684092
-0.06057369455123668
-0.05955535705399922
-0.06051887734014083
-0.05971518117065749
-0.0606919732675068
-0.0596726696551696
-0.06063666228628117
-0.05983638022955673
-0.06080698375228422
-0.0597888886457007
-0.06075463225757249
-0.0599545783608299
-0.0609240815061764
-0.0599107638767597
-0.06086747912606116
-0.06007166447936452
-0.06104151182627554
-0.06002725190012725
-0.06098440407320804
-0.06019196206176003
-0.06115572825884202
-0.06014264555010035
-0.06110153523576239
-0.06030932967991709
-0.061271980038552
-0.06026361748860848
-0.06121360097716783
-0.06042558912832757
-0.06138857297571726
-0.0603792677563198
-0.06132970550770317
-0.06054499940699298
-0.06150200514785475
-0.06049385090172721
-0.06144600163113867
-0.06066153087820342
-0.06161744065941671
-0.06061393184254121
-0.06155729778858643
-0.0607769746943515
-0.0617332116537746
-0.06072877713129454
-0.06167257148942834
-0.06089551291502182
-0.06184586893377031
-0.06084255703113228
-0.06178805143005639
-0.06101123417877585
-0.06196048531420151
-0.06096176002120601
-0.06189858822411271
-0.06112587562073474
-0.06207544007088167
-0.06107580152131875
-0.06201305166492305
-0.06124355120228897
-0.06218733576637714
-0.06118879258373605
-0.06212772285151108
-0.06135846160191755
-0.06230115745318371
-0.06130712688289669
-0.06223751252514431
-0.06147231214157739
-0.06241530972852621
-0.06142037905260794
-0.06235117587843281
-0.06158914013357997
-0.06252645186715217
-0.06153258920574239
-0.06246505321308427
-0.06170325802071297
-0.06263948160957833
-0.06165007007646006
-0.06257410415811504
-0.06181632618311184
-0.06275284388191255
-0.06176254681820231
-0.06268697489400732
-0.06193231723648857
-0.06286324367277479
-0.06187398918733161
-0.06280006501618457
-0.06204565511326143
-0.0629750686271055
-0.06197744440483471
-0.06292503858124776
-0.06214820605478766
-0.06307558310814709
-0.06210049271613294
-0.06304698955818189
-0.06225202670056879
-0.06317864105421583
-0.06222101767650573
-0.06316668141534304
-0.06235687494706671
-0.06328265101067698
-0.06234033377885956
-0.06328462829118892
-0.0624625030322481
-0.06338740553521555
-0.06245856362200625
-0.0634011071523215
-0.06256875990090949
-0.06349284552414836
-0.06257572388709887
-0.06351632847223937
-0.06267553147932658
-0.06359890822601577
-0.06269183625049646
-0.06363045860963173
-0.06278272348564906
-0.06370551429799626
-0.06280696075876813
-0.06374363701308172
-0.06289025403044479
-0.06381257378738098
-0.0629211628954347
-0.06385597997722697
-0.06299805288317667
-0.06391999687332495
-0.06303451904359014
-0.06396758532989333
-0.06310605676275893
-0.06402769569265426
-0.06314710246978189
-0.06407853507850081
-0.06321420911451869
-0.06413558892637244
-0.06325898633195914
-0.06418890161463442
-0.06332246149213572
-0.06424360519143968
-0.06337023558386706
-0.06429874321009765
-0.0634307677672159
-0.06435167946077136
-0.06348091109641746
-0.06440811203710184
-0.06353908592322588
-0.06445975528162368
-0.06359107014128984
-0.06451705367041771
-0.06364737877358612
-0.06456778413791653
-0.06370075651871454
-0.06462560467488698
-0.06375561608900265
-0.06467572743891092
-0.06381001465236102
-0.06473379837971127
-0.06386376407678762
-0.06478354812154269
-0.06391888038954696
-0.06484166320430568
-0.06397180144627834
-0.06489122101677186
-0.06402738268360275
-0.06494921982690649
-0.0640797018869057
-0.064998722933022
-0.06413555315175035
-0.06505649006008984
-0.06418744487326
-0.06510603398765646
-0.06424341200044875
-0.06516349042193637
-0.06429501751641964
-0.06521314210848073
-0.06435097570985271
-0.06527023202689203
-0.06440240441699768
-0.06532003545613246
-0.06445826128384724
-0.06537672608272022
-0.06450959319520622
-0.06542670653816912
-0.06456528536297135
-0.06548298311129946
-0.06461657291886524
-0.06553314725748771
-0.06467205480521571
-0.06558900804596024
-0.06472333983313405
-0.06563935611218291
-0.06477857870690562
-0.06569480667475575
-0.06482988773643639
-0.06574532923249649
-0.06488486212522598
-0.06580038236476154
-0.06493621364113517
-0.06585106601592711
-0.06499091161217529
-0.06590573775227304
-0.06504231136627786
-0.06595656506869607
-0.06509673524556059
-0.06601087702424069
-0.06514817788150407
-0.06606182502938307
-0.0652023324428353
-0.06611580105530712
-0.0652538189150445
-0.06616685013807366
-0.06530770488294496
-0.06622050854144679
-0.06535922676233968
-0.06627163820341986
-0.0654128582607057
-0.06632500353109089
-0.06546440630519973
-0.06637619264522593
-0.06551779111912504
-0.06642928462071829
-0.06556935693386612
-0.06648051525435633
-0.06562250747377718
-0.06653335279318889
-0.06567407568215961
-0.06658460465193827
-0.06572700750981364
-0.06663720891602543
-0.06577856744234228
-0.06668846498101083
-0.06583129056804288
-0.0667408523367326
-0.06588283393915956
-0.06679209800606412
-0.06593535754479435
-0.06684428244086971
-0.06598687302382117
-0.06689550544317541
-0.06603921321642847
-0.06694750170524993
-0.06609068637918869
-0.06699868671926429
-0.06614285232900696
-0.06705050786036043
-0.06619427810986139
-0.06710164665225871
-0.066246278849449
-0.06715330261874569
-0.06629764756009376
-0.06720438540837675
-0.06634949289368425
-0.06725588533492172
-0.06640079489752693
-0.06730690390512262
-0.066452493857662
-0.06735825685031543
-0.06650372642109981
-0.06740920618518242
-0.06655528104455571
-0.06746041653857782
-0.06660643996813076
-0.06751129082787982
-0.06665785463064311
-0.06756236524736953
-0.06670893877182521
-0.06761316103791926
-0.06676021776317376
-0.06766410390200789
-0.06681122064812239
-0.06771481692807596
-0.06686237284108726
-0.06776563414864034
-0.06691328648014411
-0.06781625863701307
-0.06696431845943407
-0.06786695606221127
-0.06701514020277949
-0.0679174885988863
-0.06706605170607516
-0.06796806818575196
-0.06711678424964879
-0.06801850919699426
-0.06716757721016159
-0.06806897295776404
-0.06721821641787451
-0.06811931977622898
-0.06726889434046429
-0.06816967119953909
-0.06731944060455602
-0.06821992198279048
-0.06737000242629942
-0.06827016225470639
-0.06742045691749654
-0.06832031741402889
-0.06747090457358446
-0.06837044775379492
-0.06752126320314816
-0.06842050538475219
-0.06757160240789267
-0.06847052853023478
-0.0676218610794857
-0.06852048674952999
-0.067672096022661
-0.06857040615712856
-0.06772225363592327
-0.06862026387227871
-0.0677723847399444
-0.06867007996194718
-0.06782244244607577
-0.06871983834454654
-0.06787246937573072
-0.06876955078336683
-0.06792242758560979
-0.06881920949991721
-0.06797234928741036
-0.06886881942140138
-0.06802221139036646
-0.0689183789106893
-0.0680720260377401
-0.06896788671150217
-0.06812179318949374
-0.06901734737881526
-0.0681715019346314
-0.06906675348370278
-0.06822117158552321
-0.0691161156859128
-0.06827078075408188
-0.06916542205281806
-0.0683203480907007
-0.06921468320057478
-0.06836985885322344
-0.06926389170048403
-0.0684193250345716
-0.06931305219695549
-0.06846873706269985
-0.06936216247773158
-0.06851810396333552
-0.06941122421296803
-0.06856741763571794
-0.0694602366780116
-0.06861668491024914
-0.06950919930893867
-0.06866590062239003
-0.06955811435164921
-0.0687150693912979
-0.06960697828829132
-0.06876418534572265
-0.06965579553906293
-0.06881325748879924
-0.06970456263879277
-0.06886227624769836
-0.06975328252626478
-0.06891124848554719
-0.06980195168385078
-0.0689601711996306
-0.06985057458794713
-0.06900904538168895
-0.06989914693964905
-0.06905787025796456
-0.06994767321483386
-0.06910665040650971
-0.06999614991480713
-0.06915537418205459
-0.07004457845877071
-0.06920406143375252
-0.07009296060325126
-0.06925268809942903
-0.07014129330508667
-0.06930127845684747
-0.07018957906076784
-0.06934980986566763
-0.07023781702688159
-0.06939830442296807
-0.07028600678751457
-0.06944673879137925
-0.07033414964255152
-0.06949513867995311
-0.07038224449590769
-0.0695434792539959
-0.07043029409598744
-0.0695917833655334
-0.07047829298071717
-0.06964002836456262
-0.07052624894754322
-0.06968823853388822
-0.07057415296036929
-0.06973638833070112
-0.07062201494694165
-0.06978450350756005
-0.07066982514922504
-0.06983256205448329
-0.07071759499621277
-0.06988058042882539
-0.0707653103135284
-0.06992854808790921
-0.07081298767117161
-0.06997646932268259
-0.07086060917407072
-0.07002434718121447
-0.07090819440419865
-0.07007217164741447
-0.07095572245602244
-0.07011996006152538
-0.07100321591869052
-0.07016768883032026
-0.07105065089576013
-0.07021538602674149
-0.0710980529182581
-0.07026302301421655
-0.0711453959323145
-0.07031062508354918
-0.07119270469700784
-0.07035817280486201
-0.07123995823776996
-0.07040568290863036
-0.07128717486037145
-0.07045313744260856
-0.07133433711780868
-0.07050055667511423
-0.07138146194494066
-0.07054791978990377
-0.07142853399665544
-0.07059524639158821
-0.0714755673499613
-0.07064252126674064
-0.07152255027684595
-0.07068975485432727
-0.07156949181270583
-0.07073693972906192
-0.07161638522867009
-0.0707840820840106
-0.07166323600373087
-0.07083117730447824
-0.07171004025334471
-0.07087822946699723
-0.07175680132730694
-0.07092523535946788
-0.07180351606200447
-0.07097219488858225
-0.07185018703494317
-0.07101911531017274
-0.07189681402802761
-0.07106598251219387
-0.07194339456841259
-0.07111281292951971
-0.0719899326910084
-0.0711595930732854
-0.0720364259643092
-0.07120633447779307
-0.07208287489031773
-0.07125302440001946
-0.07212927911290251
-0.07129967716664254
-0.07217564054999137
-0.07134628068046339
-0.07222195748722171
-0.07139284303088417
-0.07226804643147383
-0.07144885948865715
-0.07230525388223319
-0.07149286680349864
-0.07235182753825287
-0.07155267858541609
-0.07239028134530606
-0.07159098799689428
-0.07243658299839811
-0.07165458669687919
-0.07247598670180572
-0.07168839073134325
-0.072522449498579
-0.07175462531095866
-0.07256219610821069
-0.07178525404973202
-0.07260923114438711
-0.0718531185041778
-0.07264885975134427
-0.07188157526084848
-0.07269671243758979
-0.07195035611392664
-0.07273593143824392
-0.071977349128452
-0.07278472400861341
-0.07204656296198741
-0.07282335673286922
-0.07207259190409221
-0.07287313456289496
-0.07214190528419406
-0.07291107951892112
-0.07216733340162618
-0.07296184239032805
-0.07223651629764372
-0.07299904151967662
-0.0722616065962175
-0.07305076802378163
-0.07233049355621135
-0.07308719349326803
-0.07235544687987877
-0.07313984715139571
-0.07242392161221517
-0.07317548552915576
-0.07244888780288689
-0.07322902655840907
-0.072516865131387
-0.07326387651571037
-0.07254195853592188
-0.07331826473249975
-0.07260937500604975
-0.07335233126283824
-0.07263468911695908
-0.07340752458167255
-0.07269994453705636
-0.07344205788773323
-0.07272966067643971
-0.07349534332173535
-0.07278956602696818
-0.07353241340223221
-0.07282379392754385
-0.07358332001804363
-0.07287889271749931
-0.07362240201163589
-0.07291720850287536
-0.0736713883534626
-0.07296826180323973
-0.07371209992583622
-0.07301004948736661
-0.07375955208170826
-0.07305769382996891
-0.07380153847305287
-0.07310240118911354
-0.07384778417715021
-0.07314714819824347
-0.07389073455510387
-0.07319432432976425
-0.07393605260033492
-0.07323658587663001
-0.07397969727263137
-0.07328406862311548
-0.07402594784194555
-0.07332865382254788
-0.07406640776868645
-0.07337352486315951
-0.07411569329979178
-0.0734200924803991
-0.07415316236136649
-0.07346288925027911
-0.07420513886692454
-0.07351102891800565
-0.07423998022051576
-0.07355224705372693
-0.07429432278620995
-0.07359933380226019
-0.07432897247808695
-0.07364365314818905
-0.07438156635204324
-0.0736874342625447
-0.07441775001826728
-0.0737345832378003
-0.07446881510066983
-0.07377550919268289
-0.07450619834125832
-0.07382380192401644
-0.07455731049028314
-0.07386609759538282
-0.07459222683334876
-0.07391229171420682
-0.0746461350678313
-0.07395599989935547
-0.0746784143011448
-0.0740027059977385
-0.07473289954868423
-0.07404334574995419
-0.0747667480038845
-0.07409133244458971
-0.0748210176369371
-0.07413279678652807
-0.07485277924475414
-0.0741805553180962
-0.07490827548759299
-0.07422006340144421
-0.07494059162405281
-0.07426898486303374
-0.07499597505760691
-0.07430890233871179
-0.0750265999186065
-0.07435778808465215
-0.07508301765357372
-0.07439610812383557
-0.07511386139844078
-0.07444598291828969
-0.07517032831492598
-0.07448441378764403
-0.0751997700796791
-0.07453439859370703
-0.07525712689767594
-0.07457148909994993
-0.07528655087593544
-0.07462233492070669
-0.0753440740760038
-0.07465932505805978
-0.0753723044054172
-0.07471038491786031
-0.07543061218094421
-0.07474622209186094
-0.07545865392034751
-0.07479804696957831
-0.0755172157023678
-0.07483363244821956
-0.07554421377850523
-0.07488574867316483
-0.07560348226338703
-0.07492031594598275
-0.07563016981940335
-0.07497312963599201
-0.075689751888038
-0.07500733503331714
-0.07571550816024708
-0.07506049353055982
-0.07577573977995827
-0.07509378152700019
-0.07580109747585551
-0.07514758527328352
-0.07586168768464341
-0.07518043379707307
-0.07588619486399595
-0.07523462041962492
-0.07594739424399355
-0.07526662525622962
-0.07597143858641081
-0.07532142146878334
-0.0760330261583817
-0.075352929008147
-0.07605628182433555
-0.07540813521214701
-0.07611844747411473
-0.07543885474367795
-0.0761411944432997
-0.07549464240652409
-0.07620377048805083
-0.07552482465062432
-0.07622577317042456
-0.07558104096565971
-0.07628890515736958
-0.07561047575854751
-0.07631036657362456
-0.07566725236846
-0.07637392586962005
-0.07569612089963601
-0.07639467659336147
-0.07575334301765996
-0.07645877071128282
-0.07578149273182611
-0.07647896038040808
-0.0758392567684103
-0.07654349368825419
-0.07586682333415806
-0.07656299618589657
-0.07592504223147112
-0.07662805037021092
-0.07595191285806169
-0.0766469763272738
-0.07601065867495815
-0.07671248066935688
-0.07603693346520835
-0.07673073707248901
-0.07609614461042652
-0.07679674823217775
-0.0761217389068905
-0.07681441961582808
-0.07618146524404706
-0.07688088743041477
-0.07620645621821964
-0.07689790300781774
-0.07626665331681903
-0.07696486775143102
-0.07629097726110556
-0.07698129161471806
-0.07635168021529248
-0.07704871782451717
-0.07637539454882275
-0.07706449827114498
-0.0764365720596189
-0.07713241371920382
-0.07645963146375506
-0.07714759675285282
-0.07652130747828656
-0.07721597661323915
-0.07654375114920448
-0.07723052878774572
-0.076605904505746
-0.07729939044612549
-0.07662770552547171
-0.07731333979338734
-0.0766903493547505
-0.07738266966841251
-0.07671153310884432
-0.07739599411817072
-0.07677465728789357
-0.07746579968551115
-0.07679520061206185
-0.0774785260175449
-0.07685881133452949
-0.07754879856609898
-0.0768787427675145
-0.0775609013238327
-0.07694283109928779
-0.07763164832449021
-0.07696212585441248
-0.07764315414861511
-0.07702669858669586
-0.07771436713300128
-0.0770453812091571
-0.07772525527054586
-0.07711043133642287
-0.07779693873131349
-0.07712848240990194
-0.07780723142509288
-0.07719401488259975
-0.07787937771801134
-0.07721145491520359
-0.07788905857069944
-0.07727746007996622
-0.07796167570733198
-0.07729427596809946
-0.07797075951292387
-0.0773607627941903
-0.07804383647548152
-0.0773769661400508
-0.07805231571466575
-0.07744392405760397
-0.07812586065955113
-0.07745951013841357
-0.07813374209439805
-0.07752694537295768
-0.0782077477257882
-0.07754192012760447
-0.07821502812496645
-0.07760982725619942
-0.07828949749593311
-0.07762418602843218
-0.0782961851661631
-0.07769256854845435
-0.07837111211299741
-0.0777063202489417
-0.07837720152432587
-0.07777517049934735
-0.07845259175691899
-0.07778830993912672
-0.07845809071186732
-0.07785763312796501
-0.07853393744106874
-0.07787016979854816
-0.07853883881401091
-0.07793996106531093
-0.07861514446250606
-0.0779518849062813
-0.07861946211305826
-0.07802214513891137
-0.07869622389521258
-0.07803347297870106
-0.07869994310902811
-0.07810419903091187
-0.07877716286726372
-0.07811491416113514
-0.07878030340009645
-0.07818611048687452
-0.07885797338226869
-0.07819623297976402
-0.07886051869385174
-0.07826788815903291
-0.07893864955504298
-0.07827740309281911
-0.07894061612877912
-0.07834952951744883
-0.07901919342357699
-0.07835845231879751
-0.07902056905199395
-0.07843103563571374
-0.0790996053123813
-0.07843935389284329
-0.07910040509895311
-0.07851240654729669
-0.07917988576384705
-0.07852013504424249
-0.07918009812638616
-0.07859364249289907
-0.07926003567299633
-0.07860077006279403
-0.07925967453465527
-0.07867474470742891
-0.07934005456429921
-0.07868128595865276
-0.0793391080059519
-0.07875571241469742
-0.07941994455790569
-0.07876165624894238
-0.07941842548095113
-0.07883654950892655
-0.07949970165738485
-0.07884190578250788
-0.07949760439246129
-0.07891725024524565
-0.07957933288470292
-0.07892201595807591
-0.07957666258037871
-0.07899782114963366
-0.07965883323517359
-0.07900200155247716
-0.07965558669576822
-0.07907825852804684
-0.07973820669679432
-0.0790818496019669
-0.07973439068857607
-0.07915856557077233
-0.0798174511173515
-0.07916157455304557
-0.07981306095810564
-0.0792387415664792
-0.07989656771991976
-0.07924116418742555
-0.07989160984720567
-0.07931878628427952
-0.07997555793715511
-0.07932062818354563
-0.07997002947440796
-0.0793987026272116
-0.08005441915451211
-0.07939995997236587
-0.08004832714776833
-0.07947848598265483
-0.08013315701673285
-0.07947916600064081
-0.08012649756753393
-0.0795581425487728
-0.08021176637711169
-0.07955824412455359
-0.08020454233145474
-0.07963766873470668
-0.08029025151912611
-0.07963719237280559
-0.08028246522005633
-0.07971706680301838
-0.08036861125198719
-0.0797160158617361
-0.08036026176752575
-0.07979633749657011
-0.08044684522625944
-0.07979471150871742
-0.08043793517984332
-0.07987547871275474
-0.08052495697591677
-0.07987327889339918
-0.08051548787008722
-0.07995449514188674
-0.08060294189831629
-0.07995172369912656
-0.08059291445876837
-0.08003338238674435
-0.08068080530100696
-0.08003004091395782
-0.08067022013426656
-0.08011214546224793
-0.08075854329357551
-0.08010823217064972
-0.08074740534402802
-0.08019077957766918
-0.08083616103929414
-0.08018630151177386
-0.08082446579502012
-0.080269290277862
-0.08091365434641384
-0.08026424329965248
-0.08090140793859396
-0.08034767416403704
-0.08099102717030388
-0.08034206451599757
-0.08097822549117967
-0.08042593446116575
-0.08106827750413159
-0.08041975740662627
-0.08105492736101794
-0.08050407074145044
-0.08114540546649557
-0.08049733155171851
-0.08113150521306917
-0.0805820809813419
-0.08122241443945016
-0.08057477974883892
-0.08120796621159443
-0.08065996946989235
-0.08129930097526428
-0.08065210849213045
-0.08128430490657618
-0.08073773330204315
-0.08137606871169967
-0.08072931259944727
-0.08136052680723044
-0.08081537376733899
-0.08145271778164537
-0.08080639541382695
-0.08143663014236102
-0.08089289461565147
-0.0815292441349279
-0.08088335930906798
-0.08151261230137408
-0.08097028966346143
-0.08160565524971586
-0.08096019749933725
-0.08158848174184868
-0.08104756721387679
-0.08168194315164434
-0.081036921289524
-0.08166422750211555
-0.08112471797197801
-0.08175811846627329
-0.08111351868680261
-0.08173986208787404
-0.08120175346397496
-0.08183417027921508
-0.0811900014783094
-0.0818153751367684
-0.08127866417558216
-0.08191010822521094
-0.08126636141083354
-0.08189077491629415
-0.0813554575303948
-0.08198592631437118
-0.08134260464532833
-0.08196605653805095
-0.08143212791953808
-0.08206163093523461
-0.081418727910679
-0.08204122320680762
-0.08150868223608509
-0.08213721587122363
-0.08149473239926219
-0.08211627530450366
-0.08158511415605424
-0.08221268784163382
-0.08157061969831086
-0.08219121177412153
-0.08166143057706293
-0.08228804085160163
-0.08164639017089198
-0.08226603245977548
-0.08173762690217135
-0.08236327983690689
-0.08172204102184438
-0.08234074178615669
-0.08181370567212054
-0.08243840335891861
-0.08179757973721868
-0.08241533189325162
-0.08188966649759127
-0.08251341278473356
-0.08187299585016528
-0.08248981444558723
-0.08196550968724953
-0.08258830850037618
-0.0819483005312282
-0.08256417947184075
-0.08204123798713064
-0.0826630876706631
-0.08202348610984755
-0.08263843502466151
-0.082116846804697
-0.08273775614791895
-0.08209856103027185
-0.08271257267193055
-0.08219234249370311
-0.08281230838236814
-0.08217351338835627
-0.0827866061876652
-0.08226771885830397
-0.08288675107237475
-0.08224836046555678
-0.08286051814832862
-0.0823429837401255
-0.08296107715310008
-0.08232308311530034
-0.08293432873819567
-0.08241812947640603
-0.08303529492408257
-0.08239770283872028
-0.08300801664187168
-0.08249316360792558
-0.08310939803570028
-0.08247219609502743
-0.08308160671620063
-0.08256808235572222
-0.08318338983951767
-0.08254658959371375
-0.08315507290531582
-0.08264288654624302
-0.08325727105704556
-0.08262085810449721
-0.08322844033899313
-0.08271757721662648
-0.08333104137709985
-0.08269502369656606
-0.08330168844709734
-0.08279215457185785
-0.08340470114209403
-0.08276906888500163
-0.08337483471138973
-0.08286661988989996
-0.08347824949806865
-0.0828430090165701
-0.08344786507925811
-0.08294097094874109
-0.08355168944597385
-0.08291683084795493
-0.08352079321106387
-0.08301520980191424
-0.08362501998794275
-0.08299054768036396
-0.08359360661029436
-0.08308933822350478
-0.08369823946768368
-0.08306414873384277
-0.08366631620898307
-0.08316335375119172
-0.08377135109969597
-0.08313764280343061
-0.08373891445574905
-0.08323725819753819
-0.08384435406451085
-0.0832110235874739
-0.08381140789101199
-0.08331105203861749
-0.08391724818461049
-0.08328429601367204
-0.08388379290247033
-0.0833847332383435
-0.08399003639728825
-0.08335745848622744
-0.08395607097364227
-0.08345830720650838
-0.08406271383576447
-0.08343051223252379
-0.08402824172281503
-0.08353176990236905
-0.08413528472182891
-0.08350345643633117
-0.08410030676758362
-0.08360512103326079
-0.08420775103839534
-0.08357629212967088
-0.0841722655663753
-0.08367836752753749
-0.08428010540862635
-0.08364901981502099
-0.08424411830777129
-0.08375149805132365
-0.08435236076504665
-0.08372163913084246
-0.08431586575401262
-0.0838245277464883
-0.08442450233357462
-0.0837941505422618
-0.0843875084475556
-0.08389744262790827
-0.08449654404227536
-0.08386655538852905
-0.08445904545130611
-0.08397025327544155
-0.08456847703853099
-0.08393885143880803
-0.0845304798649047
-0.08404295421408975
-0.08464030655926152
-0.08401104354698491
-0.08460180710179682
-0.084115549488746
-0.08471202938995659
-0.08408312545799246
-0.08467303451749958
-0.08418803490634125
-0.08478365051177772
-0.084155105720981
-0.08474415382541289
-0.08426041784873189
-0.08485516290396106
-0.084226976198787
-0.08481517381616033
-0.08433268888733825
-0.08492657691884942
-0.08429874512162011
-0.08488608667205122
-0.08440485943767195
-0.08499788183775325
-0.08437040436496568
-0.08495690138244466
-0.08447691853564959
-0.08506908881988567
-0.08444196283735106
-0.08502760979899154
-0.08454887856927445
-0.08514018610509499
-0.08451341379644495
-0.08509821906458859
-0.08462072578499957
-0.08521118837762348
-0.08458476339030346
-0.08516872340617854
-0.08469247590299928
-0.08528208058120301
-0.08465600556904523
-0.08523912975497416
-0.08476411364519504
-0.08535287820356763
-0.08472714715433172
-0.08530943200795149
-0.08483565531471593
-0.08542356581760746
-0.08479818387357158
-0.08537963458544867
-0.0849070846822223
-0.08549416004315141
-0.08486911792429996
-0.08544973618153179
-0.08497841781581572
-0.08556464582080481
-0.08493994806243643
-0.08551973895533127
-0.08504964104895663
-0.08563503666199146
-0.08501067899368214
-0.08558963802654701
-0.08512076707181232
-0.0857053212915399
-0.0850813028942074
-0.08565944249052715
-0.08519178502482988
-0.08577551046581583
-0.08515183094508999
-0.08572914124219094
-0.08526270513193968
-0.08584505437898221
-0.08521751622173751
-0.08580375311162292
-0.08532856067453204
-0.08591080632795117
-0.08529182703136251
-0.0858784958062252
-0.08539480372043728
-0.08597674196873623
-0.08536583337276749
-0.08595252453017227
-0.08546140091531607
-0.08604292817272835
-0.08543945211468668
-0.08602591556221978
-0.08552830257342603
-0.0861093558284341
-0.08551268037432425
-0.08609873880105068
-0.08559546495073167
-0.08617600720757573
-0.08558552779363532
-0.08617105440062672
-0.08566284874327479
-0.08624286035273493
-0.08565800982703231
-0.08624291385960026
-0.08573041909086815
-0.08630989168214814
-0.08573014250808159
-0.08631436296575473
-0.08579814696676724
-0.0863770790569251
-0.08580194471446706
-0.08638543982046859
-0.08586600512964937
-0.0864443990591488
-0.08587343379357593
-0.08645617907201847
-0.08593397017380544
-0.08651183008311492
-0.0859446299115435
-0.08652660928332079
-0.08600202015955088
-0.08657935110655135
-0.08601554942333023
-0.08659675645704551
-0.08607013685295184
-0.08664694356632935
-0.08608621108076542
-0.08666664393385565
-0.08613830285847229
-0.08671458913199609
-0.08615662931241308
-0.08673629099126273
-0.08620650355007298
-0.08678227232808461
-0.08622682013302313
-0.08680571508264767
-0.08627472386480717
-0.08684997783902854
-0.08629679754423292
-0.08687493224405152
-0.08634295262859409
-0.08691769254283799
-0.08636657315072638
-0.08694395655473297
-0.08641117896221767
-0.08698540446725456
-0.08643615827185364
-0.08701279912061766
-0.08647939281553213
-0.087053103125457
-0.0865055636483601
-0.08708147171556113
-0.08654758547394842
-0.08712077851481281
-0.08657479837669851
-0.08714998325940809
-0.08661574845843201
-0.08718842208343974
-0.08664387155843561
-0.08721834272368967
-0.08668387579263109
-0.08725602687649542
-0.08671279061908105
-0.08728655743533109
-0.08675196005003166
-0.08732358538373597
-0.08678156243126545
-0.08735463369943897
-0.08681999531040552
-0.0873910916482078
-0.08685019381035569
-0.08742257836448353
-0.08688797767751433
-0.08745854124848762
-0.08691868997619628
-0.08749039563068772
-0.0869559023502548
-0.08752592929870739
-0.08698705502241988
-0.08755808976780605
-0.08702376441312021
-0.08759325188303058
-0.08705529513767768
-0.08762566606958411
-0.0870915615296588
-0.08766050517836865
-0.08712341331728413
-0.08769312772808069
-0.08715928988908689
-0.08772768633181816
-0.08719141306406214
-0.08776047749542737
-0.08722694664483105
-0.08779479302263576
-0.0872592988939197
-0.08782771909759107
-0.08729452950373395
-0.08786182244946739
-0.08732707270585249
-0.0878948542447337
-0.08736203565187373
-0.08792877332077936
-0.08739473896220579
-0.08796188616068545
-0.08742946331394852
-0.08799564335450438
-0.08746229797526622
-0.088028815081441
-0.08749681067769727
-0.08806243178074935
-0.08752975312186156
-0.08809564425594069
-0.08756407695009222
-0.08812913682716461
-0.08759710470265847
-0.08816237495833029
-0.08763126234386992
-0.08819575822025871
-0.08766435457108679
-0.0882290078730783
-0.08769836408701293
-0.0882622947131958
-0.08773150503670485
-0.08829554472855328
-0.08776538139909107
-0.08832874554869813
-0.08779855687921945
-0.08836198678624912
-0.0878323144972149
-0.08839511046555965
-0.08786551140527132
-0.08842833424426805
-0.08789916162544292
-0.0884613892186828
-0.08793237039097357
-0.0884945888449935
-0.08796592250507806
-0.08852758055418963
-0.08799913359418582
-0.08856075083795018
-0.08803259735730218
-0.08859368521443911
-0.08806580330741176
-0.0886268214183209
-0.08809918494183733
-0.08865970194791939
-0.08813237825742964
-0.08869280088057735
-0.08816568695509658
-0.08872563148047308
-0.08819886024039564
-0.08875868990550823
-0.08823210115070013
-0.08879147359559142
-0.08826525098792587
-0.0888244892213178
-0.08829842778031127
-0.08885722802287099
-0.08833155026296957
-0.08889019856228919
-0.08836466607512411
-0.0889228950179069
-0.08839775929007038
-0.08895581915964623
-0.08843081676753134
-0.08898847431108686
-0.08846387783041648
-0.08902135125069499
-0.0884968795848593
-0.08905396615762978
-0.08852990711614711
-0.08908679555469656
-0.08856285528471081
-0.08911937026732619
-0.08859584541092724
-0.08915215134290894
-0.0886287440716248
-0.08918468788137873
-0.08866169442376309
-0.08921741933311866
-0.08869454568616181
-0.08924991874888849
-0.08872745591322578
-0.08928260069813515
-0.0887602594069748
-0.08931506211623874
-0.08879312811758477
-0.08934769473077392
-0.08882588591638796
-0.08938011872030799
-0.08885871274722595
-0.08941270262282963
-0.08889142646986098
-0.08944508874881923
-0.08892420808886481
-0.08947762364414102
-0.08895687977052452
-0.08950997249589088
-0.08898961730239074
-0.08954245896304369
-0.0890222465947908
-0.08957477014670506
-0.08905493867548808
-0.08960720834786245
-0.08908752714475027
-0.08963948195096905
-0.08912017341717404
-0.08967187200615973
-0.08915272067250013
-0.08970410765893611
-0.08918532174216975
-0.08973645016597176
-0.0892178278948752
-0.08976864847180199
-0.08925038486724224
-0.08980094352767792
-0.08928284906856332
-0.0898331036191839
-0.08931536107196653
-0.08986535136448853
-0.08934778389202341
-0.08989747384541957
-0.08938025251379361
-0.08992967485214615
-0.08941263310609199
-0.08996175935214973
-0.08944505846001427
-0.08999391373739252
-0.08947739643741837
-0.09002595988875489
-0.0895097791209426
-0.09005806873705752
-0.089542075577901
-0.09009007613102693
-0.0895744137671925
-0.09012213959724685
-0.08960667074871875
-0.09015410829973841
-0.08963896262451099
-0.09018612604615206
-0.0896711806930332
-0.09021805665721983
-0.08970342783299401
-0.09025002924932385
-0.08973560564762717
-0.0902819214215751
-0.08976780962551933
-0.0903138494232979
-0.08979994683964959
-0.09034570227780486
-0.08983210533276242
-0.09037758586336619
-0.08986420393765415
-0.09040939997917818
-0.08989631854283503
-0.09044124017839222
-0.0899283772160302
-0.09047301471866298
-0.08996044755149402
-0.090504811173448
-0.08999246687893581
-0.09053654671343342
-0.09002449305676313
-0.09056829953424517
-0.0900564726507786
-0.09059999571079635
-0.09008845575392721
-0.09063170594398418
-0.09012039474948813
-0.09066336241349726
-0.09015233633647812
-0.09069503012755037
-0.09018423341928777
-0.09072664701363314
-0.09021613357094893
-0.0907582723376596
-0.09024798980362775
-0.09078984972518334
-0.09027984816328255
-0.09082143276638288
-0.09031166365209681
-0.09085297075920734
-0.09034348032723583
-0.09088451162486455
-0.09037525468822555
-0.09091600986184267
-0.09040703026137126
-0.09094750960935549
-0.09043876456552341
-0.09097896817328011
-0.09047049820561615
-0.09101042595815428
-0.09050219159365397
-0.09104184497310336
-0.09053388434341897
-0.09107326184989428
-0.09056553739518403
-0.09110464093511883
-0.09059718889873447
-0.0911360170078569
-0.09062880171848942
-0.09116735626639461
-0.09066041208118963
-0.0911986916391091
-0.09069198477277035
-0.09122999165547113
-0.09072355457264586
-0.09126128594952398
-0.09075508678002592
-0.0912925463437223
-0.09078661516288233
-0.09132379968387144
-0.0908181079201506
-0.09135502150099306
-0.09084959546256238
-0.09138623350963443
-0.09088104841344807
-0.09141741684958138
-0.0909124952192028
-0.09144858810989481
-0.09094390893701337
-0.09147973211317784
-0.09097531418138083
-0.09151086320715224
-0.09100668922447569
-0.09154196797498404
-0.09103805301153611
-0.09157305900427271
-0.09106938899724037
-0.09160412465712658
-0.09110071236912543
-0.091635175703907
-0.09113200894197959
-0.09166620234122613
-0.09116329248289318
-0.09169721396364083
-0.09119454927564208
-0.09172820122636327
-0.09122579260530689
-0.09175917306768006
-0.09125700970518474
-0.0917901210572506
-0.09128821339212734
-0.09182105415138175
-0.0913193923281102
-0.09185196292667613
-0.0913505541383407
-0.09188285647785444
-0.09138169544891955
-0.09191372661541963
-0.0914128168973084
-0.09194458115899024
-0.09144391928190415
-0.09197541184535729
-0.09147500093465699
-0.09200622793580759
-0.0915060644921184
-0.09203701926982455
-0.09153710644903906
-0.0920677970046323
-0.09156813127785601
-0.09209854955804991
-0.09159913410326787
-0.09212928808759968
-0.09163011890812128
-0.09216000197796825
-0.09166108361519959
-0.09219070232742627
-0.0916920294362143
-0.09222137763144
-0.09172295520840906
-0.09225203944292609
-0.09175386214365072
-0.0922826762573456
-0.09178474860268632
-0.09231329917588071
-0.09181561721182047
-0.09234389805017651
-0.09184646445566819
-0.09237448217253419
-0.09187729483531115
-0.09240504320215942
-0.09190810296161778
-0.0924355890947457
-0.0919388956696871
-0.09246611190441872
-0.09196966432725989
-0.09249661919280744
-0.0920004185241538
-0.09252710436731038
-0.09203114965280351
-0.0925575735784866
-0.09206186405385014
-0.09258802031189811
-0.09209255820791901
-0.09261845199131657
-0.09212323338320222
-0.09264886082726503
-0.09215388972525601
-0.09267925417057538
-0.0921845257580568
-0.09270962567229202
-0.0922151457719993
-0.09273998120352417
-0.09224574232576499
-0.09277031499547433
-0.09227632424540289
-0.09280063239910635
-0.09230688323536601
-0.09283092900532541
-0.09233742718070909
-0.09286120882145332
-0.09236794824364103
-0.09289146788656433
-0.09239845383883727
-0.092921709762191
-0.0924289375251397
-0.09295193182656702
-0.09245940486460474
-0.09298213585490089
-0.09248985126729908
-0.09301232101055684
-0.09252028044502897
-0.0930424877487428
-0.09255069011285266
-0.09307263562264073
-0.09258108077961835
-0.09310276516218863
-0.09261145333637572
-0.09313287540213799
-0.09264180604049244
-0.09316296828022425
-0.09267214204568214
-0.09319304142189266
-0.09270245642624486
-0.09322309728425093
-0.09273275550414856
-0.09325313297579746
-0.09276303210766801
-0.09328315235787793
-0.09279329434965211
-0.09331315115237176
-0.09282353372194863
-0.09334313368212493
-0.09285375877852853
-0.09337309520861392
-0.09288396009260746
-0.0934030414569248
-0.09291414939968251
-0.09343296624894154
-0.09294431369005252
-0.09346287580576329
-0.09297446416129107
-0.09349276356699959
-0.09300459375128195
-0.09352263694715157
-0.09303470550431397
-0.0935524882076425
-0.09306479956720443
-0.09358232507724829
-0.09309487359596696
-0.09361213944912616
-0.09312493086814366
-0.09364194037508988
-0.09315496906458881
-0.09367171836940419
-0.09318498874870368
-0.09370148299869918
-0.09321499120141857
-0.09373122470402928
-0.09324497338795634
-0.093760953124993
-0.09327493972328388
-0.09379065819140009
-0.09330488495076394
-0.09382035093166691
-0.09333481571835983
-0.0938500198852405
-0.09336472362826737
-0.09387967659279545
-0.09339461799444126
-0.09390930910285655
-0.09342449047928475
-0.09393893072275467
-0.09345434810997871
-0.0939685268749636
-0.09348418435029282
-0.09399811216347426
-0.09351400487389094
-0.09402767295754311
-0.09354380628507597
-0.09405722243928222
-0.09357359026165663
-0.09408674748695123
-0.09360335560351968
-0.09411626126583583
-0.09363310309630879
-0.09414575021866817
-0.09366283290112898
-0.0941752288173785
-0.09369254399761229
-0.09420468221511008
-0.09372223879713626
-0.09423412526521852
-0.09375191360919716
-0.0942635431744534
-0.09378157214294669
-0.09429295079786831
-0.09381121162132483
-0.09432233330524126
-0.09384083488848244
-0.09435170555040828
-0.09387043779971344
-0.09438105275834435
-0.09390002586103974
-0.09441038927788131
-0.09392959273471568
-0.09443970170520771
-0.09395914567539504
-0.09446900303500072
-0.09398867749559858
-0.09449828029571505
-0.0940181936305502
-0.09452754610566172
-0.09404769089907444
-0.09455678873610068
-0.09407717165267976
-0.09458601952421508
-0.09410663358254701
-0.09461522717465759
-0.09413607903960108
-0.09464442302462617
-0.09416550571537163
-0.09467359577862849
-0.09419491596023838
-0.09470275677381024
-0.09422430701324064
-0.09473189473297389
-0.0942536830105139
-0.09476102093897998
-0.09428303854941322
-0.09479012416749177
-0.09431237905027601
-0.09481921570303842
-0.09434170046575285
-0.09484828426642344
-0.09437100512680902
-0.09487734076658061
-0.09440029206177597
-0.09490637564158727
-0.09442956183321322
-0.09493539674202611
-0.09445881349291418
-0.09496439758140757
-0.09448804934585681
-0.09499338466813834
-0.09451726581425623
-0.09502235023169187
-0.09454646651652859
-0.09505130340460244
-0.09457564873913582
-0.09508023464906235
-0.09460481526042502
-0.09510915396983061
-0.09463396245739025
-0.09513805054789248
-0.09466309443027854
-0.09516693522650232
-0.09469220623457808
-0.09519579811026113
-0.09472130548572494
-0.09522464863670377
-0.09475038112035677
-0.09525347747878787
-0.0947794472812139
-0.09528229395189608
-0.09480848814773807
-0.09531108879701733
-0.09483751955719882
-0.09533987133201327
-0.09486652747700375
-0.09536863222512293
-0.0948955229243677
-0.09539738091884542
-0.09492449795258279
-0.09542610795839224
-0.0949534583886279
-0.09545482287301138
-0.09498240018207832
-0.09548351613816514
-0.0950113256880567
-0.09551219735299687
-0.09504023432589137
-0.09554085692297182
-0.09506912498280773
-0.09556950451702773
-0.09509800009891439
-0.09559813048887228
-0.09512685729729636
-0.09562674450564967
-0.09515569724114536
-0.09565533699273543
-0.09518452234437391
-0.09568391749408955
-0.09521332722042214
-0.09571247655638576
-0.09524211899893587
-0.09574102365574383
-0.09527089016998513
-0.09576954935452897
-0.09529964828271814
-0.09579806312945066
-0.09532838582752917
-0.09582655554256164
-0.09535711035308514
-0.09585503607077039
-0.09538581435007487
-0.09588349527570383
-0.09541450492475428
-0.09591194265243569
-0.09544317675359548
-0.09594036912904724
-0.09547183260875208
-0.09596878257295388
-0.09550047147476631
-0.09599717641646388
-0.09552909353587896
-0.09602555686285119
-0.09555769994540064
-0.09605391771234023
-0.09558628787348716
-0.09608226523731828
-0.09561486190295126
-0.09611059316930071
-0.0956434157762116
-0.09613890784924706
-0.09567195706189874
-0.09616720295775522
-0.0957004782529523
-0.09619548483394563
-0.09572898560078863
-0.0962237472115105
-0.09575747416241681
-0.09625199637794996
-0.09578594894231302
-0.0962802264999188
-0.09581440410920544
-0.09630844261368315
-0.09584284595880438
-0.09633664013882304
-0.09587126823333036
-0.09636482369328386
-0.09589967722855874
-0.09639298869679835
-0.09592806668655329
-0.09642113976699684
-0.09595644290321692
-0.09644927232376804
-0.09598479962035944
-0.09647739098444097
-0.09601314313399861
-0.09650549116907908
-0.09604146674922054
-0.09653357751230152
-0.09606977848387305
-0.09656164538244238
-0.09609806909597052
-0.0965896998961614
-0.09612634870217618
-0.09661773511050603
-0.09615460638653672
-0.09664575743705311
-0.09618285307943703
-0.0966737605192603
-0.09621107916929111
-0.0967017507160044
-0.0962392921776879
-0.09672972175666211
-0.09626748802632007
-0.09675768029316217
-0.09629566702677778
-0.09678561893383231
-0.09632383099332298
-0.09681354507530004
-0.09635197731557615
-0.09684145221691998
-0.09638010947346887
-0.09686934646601136
-0.09640822404682475
-0.09689722216265595
-0.09643632363848004
-0.09692508417880491
-0.09646440610324236
-0.09695292809163858
-0.09649247362278862
-0.09698075836023368
-0.09652052405211758
-0.09700857056163953
-0.09654855957263569
-0.09703636915492964
-0.09657657803945691
-0.09706415014444209
-0.09660458205410183
-0.09709191670632106
-0.09663256822283334
-0.09711966612803208
-0.09666054038388133
-0.09714740115837189
-0.09668849430454729
-0.09717511910150572
-0.09671643552213322
-0.09720282265527813
-0.0967443572902435
-0.09723050959960278
-0.09677226678748868
-0.09725818092955568
-0.09680015689321375
-0.09728583735555363
-0.09682803474199958
-0.09731347695888992
-0.09685589367519942
-0.09734110208562541
-0.09688373912299486
-0.09736871045888462
-0.09691156736069745
-0.09739630478195965
-0.09693938089723547
-0.09742388157044707
-0.09696717810416261
-0.09745144473540573
-0.09699495938408337
-0.09747899043454061
-0.09702272560798986
-0.09750652252919623
-0.09705047553519597
-0.09753403719263859
-0.097078210441708
-0.09756153828653347
-0.09710592908689009
-0.09758902240693063
-0.09713363358926241
-0.09761649212915002
-0.09716131936190159
-0.09764394538635862
-0.09718899392121394
-0.09767138423115712
-0.09721664814875858
-0.09769880666101682
-0.09724429160153775
-0.09772621513522911
-0.09727191517219425
-0.09775360638490749
-0.09729952718539348
-0.09778098413551556
-0.09732711932899368
-0.09780834471325373
-0.09735470120201845
-0.09783569179316953
-0.09738226201093375
-0.09786302217070431
-0.0974098129751681
-0.09789033826055987
-0.09743734334486792
-0.09791763806956932
-0.09746486265481819
-0.09794492365850205
-0.09749236305498293
-0.09797219338723129
-0.09751985119301637
-0.09799944812301531
-0.09754732129070437
-0.09802668741949766
-0.09757477791381514
-0.09805391179019957
-0.09760221775462358
-0.0980811207395143
-0.09762964375461808
-0.09810831479651194
-0.09765705342875286
-0.09813549386712334
-0.09768444846345764
-0.09816265727519691
-0.09771182761672664
-0.09818980655080756
-0.09773919257520758
-0.09821693936147685
-0.09776654087624542
-0.09824405849109186
-0.09779387541553863
-0.09827116118961826
-0.09782119333106881
-0.0982982506572263
-0.09784849792850092
-0.09832532289296858
-0.09787578512770451
-0.09835238234803606
-0.09790305902047441
-0.09837942462171151
-0.09793031678618586
-0.09840645411501248
-0.09795756006394252
-0.09843346689136917
-0.0979847880544486
-0.0984604660888086
-0.09801200036525481
-0.09848744903503548
-0.09803919905410952
-0.09851441881793932
-0.09806638087343411
-0.09854137158422377
-0.09809354992990055
-0.09856831160292512
-0.09812070091703512
-0.09859523467052711
-0.09814784038466468
-0.09862214500777317
-0.09817496183800511
-0.098649038823166
-0.09820207098084871
-0.09867591914535739
-0.09822916296595213
-0.09870278377334135
-0.09825624185033394
-0.09872963414599956
-0.09828330401541585
-0.0987564692549463
-0.09831035311250313
-0.09878329014104198
-0.09833738552307247
-0.0988100962080537
-0.09836440530394003
-0.09883688725917383
-0.09839140763117871
-0.09886366393613299
-0.09841839775542865
-0.09889042562978545
-0.09844537045850443
-0.0989171733928535
-0.09847233139585543
-0.09894390538114761
-0.09849927414646037
-0.09897062429366504
-0.09852620596126183
-0.09899732664108551
-0.09855311840966391
-0.09902401637240132
-0.09858002156898427
-0.09905068953876445
-0.0986069041947667
-0.09907735054627609
-0.09863377794550293
-0.09910399421660931
-0.09866063161888228
-0.09913062613786916
-0.0986874752304403
-0.09915724119548708
-0.09871430080934668
-0.09918384368407235
-0.09874111395513635
-0.09921042978235745
-0.09876791109972888
-0.09923700372035854
-0.09879469463781709
-0.09926356051313145
-0.09882146302009043
-0.09929010596271143
-0.09884821701443891
-0.09931663351313763
-0.09887495628532061
-0.09934315014502904
-0.09890168120000292
-0.0993696489090406
-0.09892839142265564
-0.09939613719319734
-0.09895508813300785
-0.09942260721589574
-0.09898176858134877
-0.09944906641446266
-0.09900843592711445
-0.09947550779161246
-0.09903508866320038
-0.09950193873399016
-0.09906172633007265
-0.09952835111927738
-0.0990883497960548
-0.09955475350894083
-0.0991149594326059
-0.09958113734057578
-0.09914155371283384
-0.09960751162835674
-0.09916813498226634
-0.0996338665770829
-0.09919469973007344
-0.09966021243490814
-0.09922125309182356
-0.09968653935799554
-0.09924778917739718
-0.09971285642518263
-0.0992743131010218
-0.09973915541485712
-0.09930082176826066
-0.09976544373774821
-0.09932731592949334
-0.09979171444999757
-0.09935379684104773
-0.09981797489879751
-0.099380262086397
-0.09984421699002188
-0.09940671491669356
-0.09987044962469577
-0.09943315130788788
-0.09989666315585644
-0.09945957571049224
-0.09992286764954439
-0.09948598370465728
-0.09994905347267224
-0.09951238054363942
-0.09997522946593412
-0.09953875902520681
-0.1000013876559118
-0.09956512833909859
-0.1000275352258436
-0.09959147816049352
-0.1000536654247142
-0.09961781922908403
-0.1000797854357861
-0.09964414123081933
-0.1001058873012243
-0.09967045373038436
-0.1001319798124362
-0.0996967479723061
-0.1001580534045738
-0.0997230315584382
-0.1001841180900488
-0.09974929889861051
-0.1002101642396095
-0.09977555323893633
-0.1002362007725967
-0.09980179333157707
-0.1002622195546302
-0.09982801967797222
-0.100288227963256
-0.09985423100914148
-0.1003142190674732
-0.09988043019610821
-0.1003402001964916
-0.09990661362279529
-0.1003661636648023
-0.09993278453168003
-0.1003921168040387
-0.09995894050512449
-0.1004180530798074
-0.09998508319552996
-0.1004439782882706
-0.1000112113717408
-0.1004698870469231
-0.1000373266967892
-0.1004957851499281
-0.1000634267438163
-0.1005216660658979
-0.1000895143599373
-0.1005475367392256
-0.1001155867275214
-0.1005733906522132
-0.1001416474863737
-0.1005992339370835
-0.1001676914626534
-0.1006250601238711
-0.1001937246297897
-0.1006508760949711
-0.1002197410436214
-0.1006766753936695
-0.1002457470679192
-0.1007024637109699
-0.1002717355980747
-0.1007282361783372
-0.1002977145372246
-0.1007539968998053
-0.100323675242095
-0.1007797425928239
-0.1003496267538168
-0.1008054757919402
-0.1003755608694143
-0.1008311947364061
-0.1004014838553732
-0.100856900485465
-0.1004273914175139
-0.1008825927542821
-0.100453287112366
-0.1009082710796566
-0.100479166624628
-0.1009339363648994
-0.1005050354523478
-0.1009595881150238
-0.1005308889334885
-0.100985226425852
-0.1005567290339822
-0.1010108508969884
-0.1005825557331779
-0.1010364623227288
-0.100608368703134
-0.1010620599365473
-0.1006341686977328
-0.1010876449110053
-0.1006599542076999
-0.1011132157378158
-0.1006857279412702
-0.1011387739226636
-0.1007114856722181
-0.1011643176251948
-0.1007372324170181
-0.1011898490930364
-0.100762963187482
-0.1012153664988915
-0.1007886833862093
-0.1012408709122223
-0.1008143872732374
-0.1012663620607591
-0.1008400798151813
-0.1012918395061089
-0.1008657580202421
-0.1013173044379051
-0.1008914225873839
-0.1013427549707598
-0.1009170747699407
-0.1013681937563745
-0.1009427129787565
-0.1013936177773634
-0.1009683372721328
-0.1014190297338684
-0.1009939495409128
-0.1014444273000967
-0.1010195467798161
-0.1014698132343097
-0.1010451323858222
-0.1014951840399133
-0.1010707033932539
-0.1015205439914316
-0.1010962624124229
-0.1015458884655535
-0.1011218064669848
-0.1015712217386596
-0.1011473393370276
-0.1015965403114706
-0.1011728564941948
-0.1016218469610407
-0.1011983632696883
-0.1016471396865918
-0.1012238535848067
-0.1016724197673092
-0.1012493339275853
-0.1016976863262293
-0.1012747982297512
-0.1017229406402682
-0.1013002518132124
-0.1017481811004105
-0.1013256905388115
-0.1017734093124454
-0.101351117046496
-0.1017986233395119
-0.1013765294757166
-0.1018238259073748
-0.1014019300957847
-0.1018490135410828
-0.1014273159121075
-0.1018741901304048
-0.1014526903171785
-0.1018993521997729
-0.1014780503264803
-0.1019245028634354
-0.1015033985811673
-0.1019496386468741
-0.10152873208635
-0.1019747638252994
-0.1015540546142949
-0.1019998733767616
-0.101579361669513
-0.102024973122695
-0.1016046581342144
-0.1020500565109663
-0.1016299395519654
-0.1020751308623657
-0.1016552100272424
-0.1021001885106597
-0.1016804654822124
-0.1021252367630541
-0.1017057092532795
-0.1021502691252926
-0.1017309399242349
-0.1021752913174985
-0.1017561566766578
-0.1022002984455909
-0.1017813626155339
-0.1022252946305348
-0.1018065527916579
-0.1022502765612304
-0.1018317329068031
-0.1022752472056292
-0.1018568980610088
-0.1023002035916829
-0.101882051670406
-0.1023251483633007
-0.101907191089472
-0.1023500792729669
-0.1019323189899676
-0.1023749989775734
-0.1019574334906667
-0.1023999044467329
-0.1019825349920612
-0.102424798383173
-0.1020076238625472
-0.1024496788624499
-0.1020327001364953
-0.1024745470686498
-0.1020577630628502
-0.1024994026089538
-0.102082814161094
-0.1025242455189846
-0.1021078515718866
-0.1025490754065593
-0.1021328768045789
-0.1025738934541916
-0.1021578891170865
-0.1025986981225736
-0.1021828889119908
-0.1026234905949666
-0.1022078754371341
-0.1026482704771667
-0.1022328498258602
-0.1026730374411479
-0.1022578113646055
-0.1026977925733135
-0.1022827604186665
-0.1027225344454814
-0.1023076966484159
-0.1027472641307582
-0.1023326196606735
-0.1027719813579712
-0.1023575317440867
-0.1027966860134252
-0.1023824287767774
-0.1028213778850036
-0.1024073160264112
-0.1028460579414692
-0.1024321874947131
-0.1028707245085301
-0.1024570499610811
-0.1028953800160138
-0.1024818959162679
-0.1029200217082701
-0.1025067336402556
-0.1029446519729758
-0.1025315545251512
-0.1029692691906015
-0.1025563668125707
-0.1029938746558063
-0.1025811630304369
-0.1030184667061598
-0.1026059499414094
-0.1030430477861302
-0.1026307219241172
-0.1030676150824174
-0.1026554831383972
-0.1030921710844758
