0.326659097018647
4.188398112955322
2.194996960484065
1.487423213617814
0.9456759292011621
0.6891736703970226
0.6735146414498908
0.4264676032693405
0.5879618920144721
0.3608400455692384
0.5282321927235605
0.3313613199063175
0.4396255598220986
0.3058824689875509
0.384647414888332
0.3102090256534094
0.3420770085836082
0.2703376290660758
0.3052152935431274
0.2815323140591131
0.2912393635053616
0.257973207793142
0.2680346141492193
0.2531105493226587
0.2466993647995833
0.2385501959223406
0.2316250222105062
0.2545694610110967
0.2122244459264497
0.2376772954055819
0.2163918485936459
0.2337083987793495
0.2022167341994252
0.2224534892005947
0.2089036226807668
0.2123479581215985
0.1954776463018704
0.2090996966229473
0.2034818994289683
0.195709327373771
0.1899212831070932
0.1986157755469294
0.194021560455787
0.1895419829448228
0.1838241879507908
0.1860122989404212
0.1879759275680133
0.1803084297298826
0.1799738152075441
0.1753977856104456
0.181798777950316
0.172845419348306
0.1781266951742745
0.1652218690312697
0.1757297270505603
0.1691412700261708
0.1711209223897524
0.1609161928890777
0.1708975005368606
0.162127168016583
0.1655357653221312
0.1564200592931728
0.1667366095649886
0.1555407242889776
0.160779352567872
0.1520404827447476
0.1629409979357863
0.1495156355322249
0.1565432655828765
0.147888262236709
0.159360459296148
0.144061703314288
0.1531949002147763
0.1437735995135525
0.1552119291244937
0.1394906411691109
0.1497760843498895
0.1400097619549585
0.152006236731462
0.1349079755596672
0.1464858069323394
0.1366297882182089
0.1486853117862758
0.1315077822815625
0.1436056398617795
0.1324912109284227
0.1792619948564225
0.1454475072362979
0.1305341647390692
0.1405120064091538
0.1305075238947425
0.1414047238107209
0.1268882490596863
0.1378346717208233
0.1278434140819979
0.1382986899718309
0.1235069266640067
0.1351895596260607
0.1253889992023119
0.1352046520931719
0.1262446365071952
0.1205471334403475
0.1324730372357262
0.1226180777232924
0.1339043001660871
0.1184823253359286
0.1297845234010955
0.120491058212054
0.1303581368630496
0.1165669300139297
0.1271022179597613
0.1186713821684682
0.1269143051870008
0.1146903662572344
0.1245835285104478
0.1166591364782394
0.1238653351211673
0.1128345071322599
0.1222263779440911
0.1145981489064922
0.13028915532598
0.1205791505609203
0.1129491136863275
0.1202669697466472
0.1123738974102018
0.1186654898257993
0.1104699600637057
0.1182524798715037
0.1106787547036843
0.116204847261587
0.1083652969310427
0.1162638352328111
0.1090289234637487
0.1138278461593235
0.106860981911743
0.1086412528571346
0.1133090672400979
0.108845603656654
0.11139496190148
0.1054419551194336
0.1111280585383855
0.1045695267748038
0.1098170621301924
0.1032873517429089
0.109358515026908
0.1031121017218529
0.1076241903917292
0.1015445425559045
0.1075955407992811
0.1016549120342349
0.1055421179124852
0.09986126175145968
0.1058880669500982
0.1002210849361149
0.1035362284556663
0.1096875282244385
0.1408978632354101
0.09902837927664365
0.1006708121060484
0.1052045699376876
0.09848639407407767
0.09578580491037342
0.1051227738172914
0.09561510036879395
0.1052570031671516
0.0968328113823248
0.0980117033875772
0.1007685640054465
0.0977623920542775
0.1004193367620512
0.09450504939288321
0.09982267241435389
0.09553256209397468
0.09841157072616713
0.09340743036790539
0.09771985768159996
0.0944067287222273
0.09685650332864287
0.09219343126787788
0.09578321280877211
0.1027537939763796
0.1297785602383099
0.0928553822189363
0.09662437224150333
0.09180836020626598
0.0921060268416638
0.09459479534658632
0.09279865028456685
0.09498715273946012
0.08955933560132634
0.09410233592068729
0.08954829132173614
0.09304081457279723
0.08850056107849258
0.09236479153977967
0.08847147447227768
0.09178786091901969
0.08625848320179835
0.09190600969141369
0.08676870792616315
0.09191358448283554
0.08624188457237877
0.08609667152077877
0.08953540547330002
0.09938651121524344
0.1130775371634369
0.08665879950823266
0.09164743471562298
0.08848288042712671
0.08500536041488668
0.09003859315024532
0.08347554737540322
0.08944817989566961
0.08469900578373724
0.08496556267611804
0.08830141813032744
0.08244723856993147
0.08928442103431455
0.08288680163526627
0.08767032743521203
0.08094217682493154
0.08663201058465259
0.08196359955329965
0.08343730275491945
0.08538988083639704
0.08115370433758071
0.08473981528482971
0.08024683686658771
0.08513913708818271
0.09118950072269705
0.1175332118455685
0.07966777392057212
0.08095434307385341
0.08334764419803192
0.08109142732442007
0.08408521118726714
0.078971354987945
0.08213813730339303
0.07811083929925666
0.07977005635204582
0.08244897962174508
0.07875356284777749
0.08067976741645405
0.07661631938885824
0.08233464849346783
0.0771030277945414
0.08020464689554485
0.07912463914616907
0.09103060116688422
0.07572744866942302
0.07862941562782677
0.0806550723042474
0.07647642106915528
0.08473085587500506
0.07930069112348315
0.07572018837182617
0.07939116699656501
0.07503925164128789
0.07906682688734934
0.07500823986098559
0.07558304371496866
0.07744204577207864
0.07592250106464443
0.0773497676839584
0.07395046358634175
0.07654753889700555
0.07309773866277888
0.07695700754124229
0.07302496399510144
0.0735021418342684
0.07484090300160562
0.07417990865726767
0.07533902749243621
0.07642995274457043
0.1105314548158169
0.07189856115755758
0.07514063752595024
0.07136155736766056
0.0729993223164716
0.07454458795693159
0.07192936931862307
0.07366373293016854
0.07018806552370466
0.07449515544364127
0.0705401682887154
0.07261881114751928
0.06968931857176541
0.07243938937466637
0.07052306938720732
0.07018217457951381
0.07188532566734235
0.06830961313877562
0.07280296238148376
0.06881304892600668
0.08041710518525669
0.07085372469197748
0.07428073769754651
0.1024363950026146
0.06775875490735483
0.07216595451297991
0.06803999664154273
0.06981874524989373
0.06989452352326769
0.06799743081366372
0.07058849482885771
0.06719336032084028
0.06986203435849087
0.06673416680179031
0.06907340018217367
0.06713772437110166
0.06772389820834684
0.06816132217951604
0.0666245328272721
0.06811981278514095
0.06551191895401168
0.06807147851382589
0.06543729965164471
0.06682145250580729
0.06532884423938801
0.06600250048822026
0.06644853964013242
0.07667263694857773
0.1122187480971384
0.06493603628746683
0.06704809106585335
0.06358797373981001
0.06714315894335604
0.06379125279990505
0.06564630305140934
0.064283984264486
0.06421909349153601
0.06542937646607655
0.06377201944742411
0.06467993704257868
0.06365026537391216
0.06297471476145433
0.06489977990962637
0.06326248014523286
0.06348188744000599
0.06523237206099441
0.09065695285496567
0.0618856886777534
0.06510907231940272
0.06291772237727233
0.06342091528581326
0.06328106292579561
0.06161751986771793
0.06382387071788553
0.06159997849251481
0.06246645410219775
0.06082211543069999
0.06282957528233973
0.06164531849377614
0.06185485571343474
0.0612682569188851
0.06045180694256461
0.0621483964363857
0.06018697207399448
0.06084718758986291
0.05964329642757582
0.06089546392956124
0.06008909138001967
0.06038895703053077
0.059618228826261
0.06742283888036482
0.1007406677293829
0.05910982543319038
0.06118992679072338
0.0582193877510078
0.06032830497618741
0.05821431893297246
0.05961019868538137
0.05940601469778356
0.05924041374724481
0.05810399544139305
0.05896092196248628
0.07041239250570275
0.05750263651969784
0.05836550598572648
0.05764787870515201
0.05745162196750242
0.05978768378523525
0.0559441534604404
0.05846757497685173
0.05631283212976326
0.05902933750727041
0.06006201874966344
0.09866964894785646
0.05566059541978968
0.05704827823035113
0.05810592488057365
0.05614246425359296
0.05812006597414054
0.05503190149305531
0.05686671044483882
0.05553013795556444
0.05745298723755365
0.05558306518188086
0.05534654682189727
0.05580763633317909
0.05532379439851434
0.05655735030149256
0.05395979969291215
0.05533819395099809
0.05551846798052562
0.08837616523797731
0.05432280735483205
0.05520446071664808
0.05590205610699372
0.05380688149539825
0.05461557419880092
0.05451153465816333
0.05504539314368234
0.05405415878656772
0.05387408317559153
0.05419692668722365
0.05322080772973231
0.05424590134298013
0.05356974569921497
0.05438375698965389
0.0524410205296641
0.05398334835899468
0.051945461056361
0.05384232096023062
0.0527687390292656
0.05134927397680755
0.05429931136925925
0.0510938947960291
0.09078970713418322
0.05144048828737274
0.05386138843132907
0.05113056910500874
0.05308784639020597
0.05162005248424156
0.0510079095966805
0.05344846721600668
0.05031542032141356
0.05296302149611798
0.04965714735994048
0.05046323689333632
0.05197489598133442
0.0515417601536452
0.06529579042000577
0.05067135976645407
0.05304454309918222
0.04946181670557251
0.05223862579659189
0.04931130578977849
0.05016145537818173
0.05174778170602173
0.04969702365317802
0.05107719417558243
0.04826363366405273
0.05977694438812087
0.05156809140112861
0.04910513508640868
0.05043645417393938
0.04850477710983095
0.05047284804754121
0.04886932975407265
0.04939422145677497
0.04931905070735271
0.04843695871917081
0.04977050017786877
0.05039544578909805
0.06748400399636889
0.04763025478700722
0.04984690974147843
0.04787019168199125
0.04824477688450213
0.04897527666765922
0.04847965646316077
0.04881807911056313
0.04727905516806105
0.04859090751305994
0.04701157558817998
0.04787536991409713
0.04787047716271953
0.04714614164716327
0.04793520074204216
0.04624691260639935
0.05262209166767295
0.04607968177077404
0.04841060904386052
0.04623570776962871
0.04665239327427678
0.04715060845261471
0.04713870570845979
0.04746884857041928
0.04597326877828414
0.0467778785578159
0.04654217281978656
0.04549324513042963
0.04703831978427747
0.04572474461779635
0.04637077302580378
0.04561198445130338
0.04586337045314612
0.0455729738872992
0.04634865297886492
0.04456306056638515
0.04540455321051798
0.04497517689444508
0.05002350872344241
0.05242721561097596
0.04499717964933059
0.04636075092565428
0.04412423386536163
0.04515036098822622
0.0447308429123156
0.04542471682058025
0.04416943414731933
0.04349726163956147
0.04501110852929305
0.04383539003051512
0.04551255331452886
0.04283657670158753
0.04460657124695042
0.0427323512304022
0.05018576548922393
0.04410448967881303
0.04444450962010604
0.04241709793586806
0.04394401891282035
0.04299800316262281
0.0441858261197649
0.04240624418396471
0.04248281246299701
0.04219866618909129
0.0443607533635037
0.04197945053030261
0.0439776029465947
0.04346187569449711
0.04144940438497152
0.04409366831645745
0.04147024773639818
0.04309456066428646
0.04108135790812079
0.04347048084937744
0.04292524340007642
0.04201052829372198
0.04180346773996896
0.04278187928118254
0.04087677643591164
0.0427755507869752
0.04052937268607953
0.04189888585878976
0.0467815213435161
0.04064492711739498
0.04127729633676047
0.04201749763169116
0.04132481251298495
0.04131748259705392
0.04028961345477364
0.04168408299291476
0.04012145938827377
0.0428508036542663
0.04078727656509012
0.04118401365727042
0.03982776548319136
0.04136123383503471
0.03941798215618886
0.04049321342943585
0.03932595366509917
0.04083595692625108
0.04020724745461524
0.03957557140958129
0.0397039760381378
0.03909447194196058
0.04712388482768581
0.0403334682943306
0.04162713726423029
0.0386259101092388
0.03969730975708841
0.03926167751877191
0.03924365165134208
0.04306422580820435
0.03966107808000041
0.0387184288817492
0.03892130709858138
0.03887650478736498
0.03966433161109884
0.03793209285795113
0.03867801612165722
0.03851148648705449
0.03851626275158201
0.0390801143084008
0.0374904154410699
0.03827543422419033
0.03729835822580041
0.03831261547423814
0.03835628807307079
0.03840049018806546
0.04277880259564082
0.0373565329122012
0.03786124031904553
0.03771376504250423
0.03824092944538177
0.03678654914035356
0.03732054849955874
0.03721705050658386
0.03747213701233218
0.03782137019690268
0.03634248210328267
0.03852976843789513
0.0371526046799569
0.0365932767754269
0.03667639525679167
0.03675766397811608
0.03658232823293919
0.03666006465114496
0.03556003997129592
0.03748825717064813
0.03602035001139209
0.0364518501978609
0.03949495192477759
0.0454031836415929
0.03547685264872286
0.03619400355739
0.03631047348348715
0.03606847764445889
0.03571923242956937
0.03590258655134387
0.03501479643371669
0.03577735996465742
0.03551920293422944
0.03497305193240363
0.03591260520925449
0.03460395175575703
0.03563217381724837
0.03461299878902452
0.03526343426758682
0.03424365615102826
0.03412856288449245
0.03548673641689085
0.03389291094294233
0.03533364541080358
0.03400679365592918
0.05437725238150382
0.03347281711941202
0.03496231332621952
0.03410867347870916
0.03409819593606223
0.03446774217387033
0.03353339539654471
0.03403876285673113
0.03489689226220244
0.03306641597211457
0.03474797494282225
0.03283079438119629
0.03461384151798874
0.03268626468736652
0.03351849299842841
0.03408892943544695
0.03297946260694845
0.0336926967723884
0.03265250609651016
0.0500663363120788
0.03227398052260316
0.03354119043477044
0.0334049362953765
0.03269651592606104
0.03339134284459688
0.03174533436320759
0.03397725015438391
0.03214937098945186
0.03317260073112122
0.03143292707582168
0.0329487005191933
0.03226402734519673
0.03238324117811958
0.03236669486419469
0.03157666049571117
0.03164209524893213
0.03198516346581298
0.03214266587828363
0.03112025047663086
0.03187562136529104
0.03166181985449068
0.05358955827047041
0.03198970841093973
0.03146891384631983
0.03679757990084553
0.03184195743869928
0.03106431719684455
0.03184196598071548
0.03058965467556379
0.03159987001283837
0.03115349733257455
0.03093972911881882
0.0314048075871311
0.03031176116103912
0.03126406211215199
0.03044145916593272
0.03047062120666855
0.03238639616923145
0.04611107050592889
0.03082430270096526
0.030581535555529
0.03077677306653326
0.03016677959630476
0.03062702548026269
0.02947858632204969
0.03060930834117154
0.03016022554939107
0.03001541481505388
0.03020885728383044
0.02930847221130245
0.03027856471544321
0.02952718880112831
0.02939486581810508
0.0292623613994073
0.02973938333162801
0.02948469575361407
0.03365764435597729
0.0435325095459973
0.02943993660885702
0.03199707518006711
0.02910240429988736
0.02906724485447126
0.02947150614409616
0.0292925325432522
0.02921276305563891
0.02858841801286799
0.02905193279714724
0.02865508634062475
0.02954437946676852
0.02793148639346105
0.02886425161244749
0.02841575169314298
0.02799122308163288
0.03476386938889764
0.03369323476141783
0.0292702857546332
0.02760901762374213
0.02893657537543465
0.02741515297494707
0.02806274301114892
0.02912924276703782
0.02705424298527992
0.02824138206298388
0.02775841455818595
0.028526020548441
0.02731425246588393
0.02712796167628223
0.02835246746539044
0.02684783399246526
0.02825633983298831
0.03220099140851129
0.02627989625462701
0.02722346052013069
0.0279727048237417
0.02788568383979451
0.02680051165425235
0.02810795534206473
0.02601190060275332
0.0279548002614709
0.026554127309387
0.02687814713639475
0.02713616973673882
0.02643682653114715
0.02640508478914944
0.02708622157745877
0.02681045895601647
0.02674138321725428
0.03116331879382628
0.02584287159983795
0.02695419802568005
0.02589542849781251
0.02635656851413926
0.02659390455475075
0.0256579623561195
0.02632158876994944
0.0251049314722433
0.02714536485979963
0.02839363378160531
0.02528903254720605
0.02655178489299609
0.02518913997423916
0.02601452362199164
0.02548075216550139
0.03042295519946148
0.02527146455498996
0.02568020564983919
0.02546164315723692
0.02501503910980168
0.02551512969529285
0.02499833538989349
0.02520451498079912
0.02545016427096009
0.02475550167412138
0.02479062732660131
0.03222609842336244
0.02506400052110686
0.02644252022618421
0.02462657514083766
0.0248465949545289
0.02424584873960189
0.02993938685255415
0.02506679247378807
0.02457533200389944
0.02481834810329342
0.02392804282025318
0.02474214432069433
0.02449678990029097
0.02401878533406249
0.02474206237794307
0.02370268112581508
0.02440948676204735
0.02413242095213552
0.0238007494385381
0.02385248316135136
0.02338739379249311
0.02427391762520054
0.023468221835935
0.0239759743228492
0.02383780014304193
0.02630884031080782
0.02313328317848068
0.02381695198880951
0.02351809190108878
0.02315917131630424
0.02387128049076814
0.0227335009477474
0.02350993142556601
0.02334104979792662
0.02340242263785974
0.02310215073385097
0.0226572302166782
0.02340110338674822
0.0226264184244126
0.02294839762195999
0.02305023052609589
0.0221089069464025
0.02263231667675109
0.02285689755592335
0.0226469885513606
0.02216513310847751
0.02212567362032247
0.02309313516055744
0.02641208094524217
0.03277738329232971
0.02195816499379694
0.02259541874258564
0.02154226897703643
0.02285212019688898
0.02186759470401051
0.02169180987726377
0.02240026989566218
0.02106785019948715
0.02287522676866849
0.020927215457404
0.02166602340872559
0.02202639957909519
0.02119922389704187
0.022107317727868
0.02069018237628067
0.02149217380803531
0.02499716879839031
0.03206949630916611
0.0207754508880077
0.02319975410674946
0.02222947450963436
0.02105541509550007
0.02096765933493611
0.02122540187889471
0.02121141371011365
0.02155249506640733
0.02041293753704104
0.0212120703187606
0.02047526612834999
0.02096042111014212
0.02089015999090033
0.02034069536060124
0.0208603826521338
0.01996505320511832
0.02095164194653182
0.0200071372238172
0.02017819761935835
0.02256962541949736
0.03560522701817881
0.01998192733990595
0.02075007122784311
0.02067047079769224
0.0199507406316351
0.01992465690917139
0.01973289176613779
0.02038093402125729
0.01989058263377336
0.01977153377514812
0.0196825031805013
0.01938592847644277
0.01997324861664773
0.01942498258261199
0.02314293867710404
0.0191828843448128
0.01947689620964799
0.01954314413562136
0.01925593119694052
0.02502580109853092
0.03632749118008594
0.01964086103137108
0.01894771219819091
0.01897208366111508
0.01930861070081974
0.01943899010372252
0.01929741596345647
0.01859790049079274
0.01907721465362899
0.01884337912787154
0.0192787179801806
0.01810777278169406
0.01864505437627151
0.01906898903597348
0.01798670786307072
0.01872889884563667
0.02338579589742018
0.03156502577985965
0.01827538235738713
0.01834547920167118
0.01904450220994103
0.01767346413576237
0.01923769558768301
0.01781181241600654
0.01867632757356474
0.01743022694717833
0.01864579802405802
0.01762788578421443
0.01800665347519259
0.01803548238925612
0.0174286204102323
0.01989574683601525
0.01826601833509478
0.02251878796103846
0.02527134373565598
0.017059423893524
0.01831425716784951
0.01740790725192543
0.01787784899833494
0.01774000149206317
0.01734766941161225
0.01763116965750655
0.01730894691798918
0.01760247767198814
0.01669905452012899
0.01747307065479137
0.01707763531187168
0.01720839297083004
0.01729298038052451
0.02198361205565114
0.01950362955550577
0.01648881380871042
0.0173970335347613
0.01681150567660666
0.01689010397189022
0.01702872394136407
0.01670750532484411
0.01678825033220127
0.01667082987386237
0.01666076707040465
0.01603017995896217
0.01678502932271297
0.01628880143092881
0.01653678012071086
0.01638634633941521
0.02158039635385389
0.0157427061406708
0.01641589175884894
0.01834564101455616
0.01609940188824854
0.02188570271812829
0.01606684502461636
0.01615799956935965
0.01604478691137484
0.01603144739527468
0.01629756501933155
0.01587550273196803
0.01566049646669748
0.01587274926935206
0.01576274612869399
0.01573973382451715
0.01548265950695199
0.02198227017171561
0.01552859287991593
0.01528605698269936
0.01507338262424168
0.01600353951590344
0.01537200279540907
0.0154152479513785
0.01501906708918432
0.01661494151769549
0.01558680324226308
0.01504636247410635
0.01548708057745163
0.01481914353221209
0.01513831424961065
0.01509891548762177
0.01509652182936599
0.01516482532113078
0.01477559373502635
0.01617908154099101
0.01454498199358489
0.01528483221831001
0.01428212167544946
0.01499586432439698
0.01463999335475152
0.01420822892892459
0.01468633229153232
0.01461033986304366
0.01481630838961157
0.01390226767860714
0.01475497248776331
0.0146566046457437
0.0140645950686541
0.01544405945638783
0.01426968579578791
0.01453756644993992
0.01368029140468846
0.01480704653416254
0.01336785715761762
0.01397754034415583
0.01440138722320777
0.01333068519738773
0.01474942700119336
0.01295021039730632
0.01427263583088262
0.01333883936295682
0.0135414207747695
0.01412205532463778
0.01297286836095574
0.01358232314232144
0.01514924539778928
0.01530342747554325
0.01312987943140193
0.01422899726043836
0.01310579998777467
0.01314301787268168
0.01334340034207432
0.01313954626719865
0.01676824007576538
0.01369483725193177
0.01279290456607279
0.01339522486696121
0.01256969467370439
0.01312285774690425
0.01313412268053271
0.01271905623464775
0.01310329982417791
0.01224348472932041
0.0131982476895402
0.01246576278922523
0.01251318901623738
0.01348948077397871
0.01915833840959102
0.01231336368379793
0.01284445213825891
0.01295095943424868
0.01237549607465382
0.01232164814688974
0.01205596421975386
0.01260664860927557
0.0122949482959529
0.01222064741361534
0.01211636003063921
0.01174125651510916
0.01237234892564898
0.01195523178351338
0.01356384312337422
0.01167355077143523
0.01186391848914514
0.01191970196712194
0.01176182386307795
0.01220532843497457
0.01114639302088466
0.01605911039212504
0.02464180074541389
0.01154741964534201
0.01179039139852789
0.01182321289583521
0.01173540607687446
0.01123195426086876
0.01146712539996553
0.01142234466971526
0.01180445265090319
0.01075178867073667
0.01117734317868013
0.01155948319455602
0.0106927477270139
0.01183122180837898
0.01023471680802396
0.01162805851356308
0.01051721449331744
0.01071168100843789
0.01101304628281319
0.01640326948044901
0.02617407442974251
0.01078343170238899
0.01123165705043938
0.01014665333333709
0.011350896216414
0.01034770256806428
0.01066014118682446
0.01067636329064831
0.0101431055080119
0.01306745716526692
0.01102688272072405
0.009937515322481438
0.01715939431367275
0.009837092675514914
0.01091728540288389
0.01016090294436123
0.0106575462367976
0.01051587812821708
0.01008707428186362
0.01032782560623274
0.01006768064588098
0.01042688522524221
0.00965394206374115
0.01021032707165659
0.009839483559714202
0.00997525559774759
0.01016959120527666
0.009917559133645781
0.01268618274527977
0.00936647301188287
0.01011122916594742
0.009663965066159852
0.009799920128531425
0.009971753804492389
0.009562307517260615
0.00958172479390873
0.009531433463816408
0.009612848550395292
0.009134479273371687
0.009646601670695587
0.009139179515369744
0.009407646789039881
0.00938897783284115
0.009987651088717797
0.009939850747113788
0.00903502391767369
0.009275392119642123
0.008927507571709126
0.009379533923728089
0.009343595070659738
0.009392015548302102
0.008962547128896048
0.008910374878112359
0.00928829053702418
0.008833583085585184
0.008753569488951118
0.008730398281871055
0.008785865356077671
0.008987802687716928
0.008565712078818233
0.01056193784074022
0.008583936707498852
0.008411126711253436
0.008404285485236751
0.00891383519428196
0.008435341173867961
0.008439368960955096
0.008986161980444329
0.008159916271442635
0.008749317808787183
0.008059139249769476
0.008211611643647088
0.008393413189164534
0.007984180537218999
0.008352878701080313
0.008261808840121565
0.007864084032036311
0.01131777568817771
0.008319074395994219
0.007712507603311491
0.007794002311890036
0.007941034389454149
0.008220283263830397
0.008068264098770928
0.007524694473503346
0.007846239439469771
0.00770821050628584
0.007134791174607691
0.008264689132781333
0.007945227350366402
0.007282740188725878
0.008041489093531695
0.007089610030569016
0.007532442159881969
0.00714784941737634
0.008040295989429125
0.009347135225368675
0.007056550592120736
0.007215662692247438
0.007748888363754425
0.006760356026487668
0.007634794277654844
0.006426125056300636
0.007192447831369686
0.007373244075240037
0.006912051794697116
0.007126084675418309
0.007679176798073506
0.006509302794796112
0.006828023865591282
0.006731908142855347
0.008759403384777542
0.007113332088231172
0.01003839970439735
0.00665082270196049
0.006636535396333465
0.00676286130100856
0.006940654436586757
0.006747857767388177
0.006304359669600412
0.006825128326488461
0.006317979488727754
0.00657700151832652
0.00628089329532322
0.00619763870998713
0.006618071418249216
0.005815919724663998
0.006502871344842176
0.005811881437642108
0.006217324259073509
0.006215138876108806
0.006862975934827986
0.01667430869846154
0.006055485052883558
0.005954004040075789
0.005910550601860576
0.005958478354725572
0.005865016019084401
0.00613905935964526
0.00555265382053699
0.005750122997659313
0.005806903019347331
0.005829645067667144
0.005517551926087105
0.005429344275935166
0.005920739572723543
0.00545425735311339
0.005577371840777778
0.005567720228307094
0.005156730205121696
0.004831183746884959
0.00964779597835097
0.01800227081384165
0.005839670951050313
0.005273155720497469
0.005703386707629488
0.004825833144071645
0.005632720912301881
0.004944726330941174
0.005113545124384278
0.004710291139125411
0.005482799050096687
0.005057262756431091
0.004758756847692835
0.005099751679887909
0.004758901446529074
0.004296650135842905
0.005189107245099633
0.004651881495700949
0.005030348771988769
0.008122486834477805
0.01799314662916274
0.004127577779563019
0.005182350068408836
0.00414775600540207
0.004665475024208554
0.008392309246064045
0.004088687765525623
0.004780491906303919
0.004707746717214301
0.004296956995526902
0.00430705112395402
0.004327410224352735
0.00458098052401279
0.003738964168932546
0.004595142768468841
0.004069214711334646
0.008751181534461416
0.01492263189151011
0.004191611071301116
0.00420626313484862
0.003991867751129308
0.003925704781590045
0.004105703036835273
0.004152335546647956
0.003725046554848344
0.004134033962437722
0.003356296237046141
0.00412309787092191
0.00767913244352858
0.004016659870549888
0.003824726488742214
0.003557615562544802
0.004168876618788342
0.003495678533182167
0.003890670969851573
0.003362306492003031
0.003712296206007881
0.003431264858826333
0.003309709265838345
0.003772722136037798
0.004972767257583222
0.002942926438470883
0.003831435564957575
0.002793883737884695
0.00381288585109868
0.003595479883951924
0.004154477872555518
0.00318615876001116
0.002965046895567758
0.003717169987510982
0.002753275819404988
0.003781235869958988
0.002527853898466714
0.003436825159306156
0.002875391862781074
0.00266073401278244
0.002894942918958587
0.003136987846494188
0.003197170241208136
0.002538704074921072
0.002970323472884229
0.003894416818808644
0.002629584043459698
0.002603731532520248
0.002743894255479495
0.005529479976127405
0.002388821976219535
0.003053442297678399
0.001999868001692329
0.002777221867052093
0.002483408423706535
0.002342822369782949
0.002784220132839188
0.002705876166206878
0.002113033521013497
0.002395374108189519
0.002507563374251676
0.002068932024086811
0.004292758982634481
0.002338095668922069
0.002094569143471614
0.002104069285445542
0.002707678903975719
0.002292411420341756
0.002259665443688219
0.001826001634415153
0.002106950677533748
0.002008583351837789
0.002030895192787208
0.00199883046281546
0.001792981155764484
0.001641222978719215
0.00214811947843635
0.001403749446079294
0.001742072082242974
0.006611390093205216
0.001718934789464999
0.001377504127376417
0.00196819076273147
0.001444057061771475
0.001498920057267428
0.002015248305587747
0.001217138426029885
0.001612848017232049
0.002294076782082932
0.001537654842014902
0.001265166354626035
0.002652484812213807
0.001562601792573892
0.00114279382726068
0.001112665517922717
0.001347887853030416
0.00154891319912015
0.001393045946295912
0.0009872754589150268
0.001189238262494952
0.001148228664322959
0.0006636157213710803
0.001558912939252921
0.0006877671104750238
0.001243575430410981
0.0006310880504611371
0.001220385966480442
0.0003438351984792476
0.001200796391340075
0.001888906843985794
0.001281567964839248
0.0004391769961975545
0.0008354026356470756
0.001012422561014747
0.0003300722290282554
0.001027817748513904
0.0001588673762362713
0.0008513602734651071
0.000982470597540086
0.0001861014051255383
0.0006037602587278812
0.000561665435958314
0.000175824085715981
0.0003350944866406524
0.0005145473340734119
0.0004649857793705969
-7.851374929268573e-05
0.0004391938642990256
0.0002571171215508539
0.0002074397187679655
2.513034674517245e-05
0.002500519937717272
0.006950876441898401
-0.0001752030949427885
2.156388235907691e-05
0.0002971658722089598
0.0002281396783907486
-0.0001735227060246092
-0.0002074985084742909
0.0001064482559556823
-0.0002262858142147439
-0.0001711233468613127
-0.0003716690624273045
-0.0002823373798809814
-0.0003286215404220139
-8.946318771735351e-05
-0.0007308382367560706
-0.0004529142681446996
-0.000556569065571888
-0.0005812292600158031
-0.0005813842464084118
0.01146469091895597
-0.0006746084607706093
2.017823952249476e-05
-0.0009093902675060273
-0.0002640403638937139
-0.0006263232159675614
-0.0004842924485493616
-0.0007160514789955608
-0.001033444778647419
-0.0004053946734992597
-0.001016431166416254
-0.0003777545071996236
-0.001341827695594822
-0.001034903606829896
-0.0007880724611972756
-0.001123054918819699
-0.0004340566172280069
0.0007812290386750576
0.00957842465940395
-0.001644466398902367
-0.0006005171580480417
-0.001315779709132325
-0.0008250662936624686
-0.001048327399740145
-0.001521655867956107
-0.001033360935369487
-0.001410647367906692
-0.0009321475439968419
-0.001684444692108933
-0.001398203829593769
-0.001445156811131054
-0.001477645678251316
-0.001137475482714922
0.001359021122495641
0.006506291543685983
-0.001998250330210227
0.001407812639695472
-0.001281445896006816
-0.001826814947089195
-0.001475768194066585
-0.001318902607224948
-0.001801228801929067
-0.001482939974603303
-0.002036425866116964
-0.00216892442938238
-0.00127657686554955
0.0006587221307396973
-0.001993427257388436
-0.001689588179218715
-0.001978091455970443
-0.001648186462308632
-0.00159098461641527
-0.002027829276837367
-0.002030558546643524
-0.002172379498986354
-0.0017902707339153
-0.002006527763208255
-0.002144072401286001
-0.002176989109660521
-0.0012525001940622
-0.002480613070620918
-0.001926430935561052
-0.002395578387926089
-0.00192072334682436
-0.002030466486716453
-0.002650599243284035
-0.001927565573703161
-0.00231568820978123
-0.002375334753376146
0.000357499976002984
-0.002723994707599875
-0.00251764412688199
-0.002438256202976052
-0.002347892450905553
-0.00227647162548883
-0.002867128464240531
-0.0002144768148246712
-0.002707520685861498
-0.002830713779256644
-0.002262504378202301
-0.002828452539963056
-0.002683852902674921
-0.002642522167113526
-0.002989878414258129
-0.003285732415511888
-0.0024285331953528
-0.0005161564112317052
-0.003050518275011904
-0.002586806749635795
-0.003321477744686108
-0.002577538110215993
-0.003343600451073458
-0.002825298710096347
-0.00362131720508746
-0.002752529595161424
-0.001444490272755061
-0.003133049964124501
-0.003241701872126523
-0.003091032227085122
-0.003321475620174263
-0.003582202592122496
-0.003123314581206682
-0.002960846778258919
-0.003351285180717034
-0.001700849074740773
-0.003255184402850331
-0.003064745920302592
-0.003584893737454242
-0.003145677916814582
-0.003640397984309762
-0.003523529522165891
-0.003764868100500085
-0.003063491530114704
-0.003608103701712884
-0.003532156079440185
-0.003675061397720392
-0.003753667718206899
-0.003580114268749768
-0.00405726077899754
-0.003537841176029899
-0.003819517045272725
-0.003854926942148618
-0.003995044927328439
-0.003597631155523473
-0.003362427690952074
-0.003888651869551618
-0.004043452250531931
-0.003743789935012565
-0.003997249716090057
-0.004180659547885268
-0.004402051092543102
-0.001075967968964697
-0.003889538455356389
-0.003956928251415193
-0.004254075825364245
-0.004302254983353238
-0.003987436049764592
-0.004443581891549364
-0.003966054320117429
-0.004633199045573133
-0.00417541528413945
-0.00460661531872486
-0.004548875259561436
-0.004111220112047898
-0.004961321143587383
-0.003579958988861875
0.002496005745634022
-0.004092248001081322
-0.004940104266436152
-0.004214809273596742
-0.004655031584752389
-0.00485475701011473
-0.004303187980197409
-0.005129051515280703
-0.004280493193477064
-0.005190560949830336
-0.004745507664092208
-0.004697207586172147
-0.0051359847751421
-0.005044856874037495
-0.004791792957293206
-0.004779199785937716
-0.004374056682907579
0.002186300114325412
-0.005374136421634257
-0.004920709229434994
-0.004914504920233709
-0.004979231128030004
-0.002137687667776333
-0.005031315601242758
-0.005250848881472259
-0.004812572425676342
-0.005619167490313992
-0.00500475989843352
-0.005386605203403172
-0.005339855981851827
-0.00497818347763207
-0.005641180333322005
-0.005331886290478094
-0.005465834786438861
-0.00552355727333359
-0.004638571480295006
0.004082653501088274
-0.005330823572310461
-0.005477840150365565
-0.005575700926568172
-0.005642893550711681
-0.005396315092098369
-0.005885019097885136
-0.005405427959876252
-0.005906046694535982
-0.005753887735456431
-0.00553714155878493
-0.006030873411885795
-0.005671607602795559
-0.006159870687534541
-0.001695585673393118
-0.0007450087580105347
-0.005814694679128429
-0.003035590131379884
-0.005782340700426714
-0.005828271252957262
-0.006135025080429346
-0.005763250930930608
-0.005995224058646942
-0.006149245544258997
-0.00629136384225687
-0.005920730178128053
-0.005974533506443114
-0.006137670703330822
-0.005867223043988012
-0.003642304285033759
-0.006231947706766716
-0.006036291046307762
-0.006496143274789257
-0.005917941656148229
-0.006399185230058502
-0.006107955679311994
-0.006605725240749205
-0.006612959759943582
-0.006044440475914292
-0.006722213435847724
-0.006044759829131718
-0.007001621599655894
-0.006281444592604823
-0.006790974150409912
-0.004725502846475216
-0.006366657423817479
-0.006375216519502125
-0.006393761669091058
-0.006915921016655224
-0.006612263368250604
-0.00616307154361756
-0.006902436351940155
-0.006506654178990545
-0.006921786684120745
-0.007078186239936723
-0.006700850080317067
-0.00675776727234656
-0.006454417681999336
-0.007136344755302171
-0.006823214249260079
-0.00425101103011194
-0.007049269537570735
-0.007160287051033498
-0.006768304066425035
-0.006855096663707982
-0.007263556032959084
-0.006743066008173815
-0.00756776432743661
-0.006733805950869753
-0.007270419289805818
-0.007331897877145499
-0.007330082600281729
-0.007080404702446919
-0.007026451110331455
-0.00713429609469074
-0.007533717312583066
-0.006908229509772212
-0.007087193382948942
-0.007451707015525333
-0.007449687553308881
-0.007339069902999595
-0.007420028661072109
-0.007195303416016485
-0.007794963900847718
-0.007488966671263253
-0.00737992194812076
-0.007476044301113594
-0.007666788797655866
-0.007466257269477694
-0.005658670442467262
-0.007826738793588583
-0.007611496244733951
-0.00758977830667884
-0.007704366509428351
-0.007741374432371551
-0.007716943496990314
-0.007948840087792564
-0.0077462171691009
-0.007775476997143094
-0.008124207121434746
-0.00808034230435789
-0.007830395869879825
-0.00800369106502008
-0.00792463869258575
-0.008159246777366291
-0.008130253753440508
-0.008063600975111385
-0.004421073689659494
-0.008260720655719755
-0.007906939061151252
-0.007783478857279036
-0.008176868038699714
-0.007999306107147053
-0.008508789664476657
-0.007870699070420817
-0.008322028555208472
-0.00824475731565788
-0.008652870236366572
-0.008089219633819478
-0.008405439165937556
-0.008428309432108649
-0.008367289160534475
-0.008815445167451641
-0.008624400590645287
-0.008144478363696694
-0.008840563007430247
-0.008317800799072794
-0.008212652240096041
-0.0001322588728767116
-0.009009133570599792
-0.008305860791314956
-0.008837679880355442
-0.008618079616357854
-0.00903050879519729
-0.008565604415577355
-0.008598477278465744
-0.009136585901617089
-0.008883401193625073
-0.008617585864583277
-0.009099048717758296
-0.008353780438334901
-0.008743905597481505
-0.009239135525237974
-0.008766110514211944
-0.00897296393015462
-0.009114610051843663
-0.007165348268100225
-0.0003215278773094354
-0.00928150728286109
-0.009018917271447657
-0.00889668433105506
-0.009015522321496716
-0.009261744259436211
-0.009357696483132061
-0.00908940086942539
-0.009284736693271789
-0.009211248043999476
-0.009405894310872021
-0.008212044235150984
-0.0044769361025363
-0.009487457096071683
-0.009332060402436337
-0.009131838989188457
-0.00962871662141912
-0.009350087480862357
-0.00946815964429687
-0.009539902958145552
-0.009266490605210398
-0.009880092465198498
-0.009613402050367148
-0.006588721157550381
-0.009731768349015735
-0.009473576639352999
-0.009607424351941563
-0.009946370581691788
-0.007011858121559911
-0.006616603581687031
-0.009571752887672758
-0.009938654796305513
-0.009346794115954571
-0.01003123507768283
-0.009844718486767212
-0.009676925282692539
-0.01009825195812403
-0.009424563137952702
-0.01043731780147689
-0.009747379898329855
-0.01017020443830252
-0.01012635530539313
-0.009972461571649882
-0.009840776403812479
-0.01013848918421195
-0.01032566392828094
-0.009868887461460141
-0.007807263091443417
-0.005167969091566249
-0.01028425635728547
-0.0101265078253005
-0.01022832380213751
-0.01031294846739583
-0.009912588882990292
-0.01011051672296848
-0.01056240888275417
-0.01026715516851651
-0.01034505869475955
-0.008891154163894299
-0.01023243550428271
-0.01041619051834153
-0.01056148518936573
-0.01022565072581122
-0.009895653578874786
-0.01051271364335093
-0.01039982434308306
-0.01061648606156523
-0.01061762193388571
-0.01049650895783139
-0.01036998037970388
-0.01083095562026204
-0.01068537832235633
-0.01060902689640697
-0.0109177348350698
-0.007879594905515042
-0.01047656219980764
-0.01099820669046087
-0.01081262464143667
-0.0108609261170679
-0.01077635867776638
-0.01073141585161674
-0.01069314804531363
-0.01113246659708689
-0.01022746995459745
-0.01099258406326414
-0.009331381256484583
-0.01107161337109047
-0.01062216300410052
-0.01124669490086094
-0.01094348298656317
-0.01089106233991893
-0.01131037954721548
-0.01116905066389218
-0.01088757686900549
-0.01098687877958743
-0.01138746721456418
-0.0110039836597533
-0.01114358689081696
-0.01148299220226917
-0.01114096108730139
-0.0116859571307994
-0.01092528237088153
-0.0106897432286841
-0.01048881941143165
-0.01155303133519658
-0.01135272944967181
-0.0112682940894287
-0.01161830602026687
-0.01177563637274753
-0.01121447003763149
-0.0114808291689138
-0.01127335705726568
-0.01181705008150202
-0.01137279256286072
-0.01184286838574006
-0.01169937573612878
-0.0119558375142067
-0.008928630905428392
-0.01136643416415534
-0.0119201402322987
-0.01171792948694123
-0.01092526055038512
-0.009294886335741381
-0.0116914629971705
-0.01174805391961653
-0.01165642769282504
-0.01213182303494847
-0.01175358302513158
-0.01181317826291667
-0.01183437707541724
-0.0120289443638219
-0.01198715132975026
-0.01225011508564255
-0.01194272020953235
-0.01191806659001221
-0.01229612730679447
-0.01224852071730859
-0.01207168181301749
-0.01205648063616482
-0.01236317749070437
-0.01242381652860836
-0.009127508142776186
-0.004518558159606556
-0.01235001561041049
-0.0121356931481405
-0.01210913293297122
-0.01170194551967274
-0.01260907883831913
-0.01218440272390153
-0.01260535409681757
-0.01242634051022928
-0.01202657874017499
-0.01277859359611366
-0.01169915823201517
-0.009064805201441928
-0.01240168390077745
-0.01250172519751225
-0.01224824239582312
-0.01264248374950855
-0.0126764212823387
-0.01250302653915969
-0.01281369274409733
-0.01216642752857799
-0.013077577441724
-0.0126324574292595
-0.01267752837061947
-0.01287750962301704
-0.01243639874592883
-0.01309085306711261
-0.01274850375781961
-0.01304138658491377
-0.01275073959192052
-0.01241015778304178
-0.007345040919235046
-0.01287906849464499
-0.01293114157940528
-0.01297949089292932
-0.01316355100220334
-0.01139389287390546
-0.01265185254768675
-0.01328626909839092
-0.01297074369888568
-0.01310834713095255
-0.01296238898165442
-0.01303908794438052
-0.01327420756909858
-0.01328962169793696
-0.0133057413095593
-0.009783894208762689
-0.01056162146936757
-0.01304797918222345
-0.01326647992047147
-0.01312617249037873
-0.01358074227361628
-0.0131869267163427
-0.01320579891943202
-0.01351774393167154
-0.01352865290022442
-0.01331907395438436
-0.01286227067754986
-0.01325412729127934
-0.01357295652457541
-0.01279178936083358
-0.01349186221559046
-0.01345841544648901
-0.01359141144355375
-0.01334590193619473
-0.01378526070449992
-0.01339397120899077
-0.01390299139412216
-0.013701054134241
-0.01344665520059929
-0.01169482235663555
-0.01402666455444762
-0.01094346071492147
-0.01362054169287835
-0.01379411620616278
-0.01350514185417701
-0.01403469890586778
-0.01385849027707642
-0.0137351476708254
-0.01408593763924626
-0.01343472247213356
-0.01381271696930764
-0.01428831353765442
-0.01367034132445694
-0.01415136938774209
-0.01413901698606307
-0.01405904991386436
-0.01381765626285075
-0.01390568578077089
-0.01428621495792459
-0.01393573727605685
-0.01153234680640836
-0.01429631240452983
-0.01416928170580706
-0.01421694388463568
-0.01427212081516299
-0.0133521793092104
-0.0140038819548261
-0.01453741390085989
-0.01406906786700857
-0.01458204645276395
-0.01414278252121454
-0.01416964535308107
-0.01355749828689667
-0.01421851647295785
-0.01442770864984172
-0.01451908749451419
-0.01438279848666568
-0.01415431524627647
-0.01465395245104317
-0.01434321027719082
-0.01465337218438084
-0.01435987313889531
-0.01456413372090304
-0.0147620994772717
-0.01457137321623608
-0.01472601398914192
-0.01448171195545545
-0.01488548736409329
-0.01407436800314166
-0.01241560968580924
-0.01462424617814195
-0.01495473198898073
-0.01463052869914572
-0.01462351107770471
-0.01496316314516932
-0.01493514449005851
-0.01249712870283126
-0.01480669071691187
-0.01467600431245325
-0.01510098269029614
-0.01489799849154894
-0.01500716876101793
-0.01511916921567213
-0.01457086794865947
-0.01540494480872873
-0.01484593104275739
-0.01482262782490817
-0.01193552925710417
-0.01530267476892838
-0.01503432555458406
-0.0147650566315165
-0.01536627072328578
-0.0150759738818797
-0.01528706860844481
-0.01492090058038809
-0.01539598810509868
-0.01536104804372024
-0.01516128286520002
-0.01558838235951143
-0.01493270747702635
-0.01580895501057616
-0.01526711489418597
-0.01547355070593337
-0.01516675966285952
-0.009625770961833702
-0.01555748087045439
-0.01501474188310148
-0.01513843632004352
-0.01564518278461202
-0.01543353517365709
-0.01552262094690754
-0.01531374853666723
-0.01570883568570441
-0.01552418876633127
-0.0157548146063376
-0.01562437411572087
-0.01540567705143953
-0.01593519637375046
-0.01570957244373561
-0.01537734649601319
-0.01202929039130218
-0.01577557382039591
-0.01555041537663177
-0.01569028920318216
-0.01585279988442839
-0.01592070542276935
-0.0158455689613935
-0.01570044019021744
-0.01601115417390858
-0.01574626827090803
-0.01630625454576723
-0.01583563656194548
-0.01594098974319563
-0.01614851275689955
-0.0136942144274057
-0.01622758374637057
-0.01441384947117363
-0.01326902175230948
-0.01601697286678921
-0.01578547765516103
-0.01620507985605807
-0.01607146958168904
-0.016204870166658
-0.01628398473449783
-0.0157958196565432
-0.0165053970957153
-0.0159730157904171
-0.0165367373043146
-0.0160121719368842
-0.01638114040138938
-0.01582916871583606
-0.01572865830959902
-0.01647352735128732
-0.01606092360610606
-0.01662090892405249
-0.01596569718380264
-0.01673903288486234
-0.01635376918306575
-0.0163999789971464
-0.01666097748148782
-0.01669122838637244
-0.01638664571479292
-0.01628696553025683
-0.01668699837376547
-0.01604781866207183
-0.0165625160021326
-0.01595927447185197
-0.01660036460370429
-0.01658273556567913
-0.01664606522138251
-0.0166425735771204
-0.01663467142558889
-0.01645519970088816
-0.01692684150935025
-0.01674173406755852
-0.01676464495447094
-0.01665610321941335
-0.01672242437696542
-0.01694535165893341
-0.01691866327796099
-0.01704858202806858
-0.01355295345570795
-0.01672272362925181
-0.01703842747421902
-0.0168603192505099
-0.01681522655990086
-0.01722257682075357
-0.01686565924980077
-0.01692247851968059
-0.0171648956342671
-0.01721525969269622
-0.01698576274017766
-0.01623688334573981
-0.01690006754113593
-0.01723112652724146
-0.01717975242629249
-0.01712021867788044
-0.01721265015702772
-0.01703271540859441
-0.01564855256077191
-0.01749457199972038
-0.01712046101574904
-0.0172943185354214
-0.01717915523487012
-0.01736871058737033
-0.01755130207838235
-0.01724857469308394
-0.01758684216056905
-0.01708283194140547
-0.01654850130611862
-0.0157588791928287
-0.01772628794920883
-0.01744108044986498
-0.01739067224883695
-0.01759702260535317
-0.01715774855708468
-0.01788500929740444
-0.01744436548662726
-0.01778631877979464
-0.0173783131271007
-0.01761845815456087
-0.01780591770590251
-0.01764923882938801
-0.01756926165599371
-0.01764941849499735
-0.01794109016498729
-0.01732199183802718
-0.01647379842055496
-0.01804856805808985
-0.0176510998784194
-0.01772400084183157
-0.01775006072552282
-0.01764778935528094
-0.01804298765715845
-0.01792184943919967
-0.01793025135983961
-0.01775070144040614
-0.01796138571011413
-0.01792709082510169
-0.01821866808725403
-0.01787551143341526
-0.01802127127170589
-0.01828709518534177
-0.01790654636711375
-0.01794802722253674
-0.01353416422532927
-0.01809295201391015
-0.0180355714657755
-0.01823473636330325
-0.01813533812175938
-0.01827893579560913
-0.01818280969389846
-0.01812951148398273
-0.01847950085520039
-0.01840905512146396
-0.0152464291661536
-0.01829747088739753
-0.01814942244568052
-0.01848488667306725
-0.01854297570689922
-0.01820008707547693
-0.01869213634040046
-0.01805953068006388
-0.01779037424984509
-0.01132253781228343
-0.01880372363473615
-0.0182717414215815
-0.01857077022472009
-0.01862297901063259
-0.01817503468389003
-0.01886821477850692
-0.01838895367484572
-0.01886579718270376
-0.01839437468987426
-0.01870045581053947
-0.01872857579220966
-0.0187203051335087
-0.01893677507198982
-0.01850279519493458
-0.01687397139195568
-0.01269795752595915
-0.01903127377723873
-0.01860488225750001
-0.0188257949367881
-0.01889829105411467
-0.01724867849211797
-0.01870787190912815
-0.01897738173262314
-0.01897705870908695
-0.01891133158726538
-0.01766000805528378
-0.01754200518502103
-0.01882316123698552
-0.01893330288174816
-0.01882303360524551
-0.01921285944236595
-0.01877339978722964
-0.01902249877676176
-0.01917579992626917
-0.01884358042694156
-0.01926377119796435
-0.01890005479215517
-0.01933136430262083
-0.01905265050840199
-0.01927547735028728
-0.01932984689884171
-0.01660335196198837
-0.0189096739453003
-0.01905054543141599
-0.0194378490930141
-0.019322585878356
-0.01828963262330152
-0.0192831085016742
-0.01904334740889091
-0.01941573695656562
-0.01942548209528727
-0.0191927123961555
-0.01959288622735211
-0.01903362110075141
-0.01968006841888403
-0.0197585764615732
-0.01935143516067644
-0.01931583670031689
-0.01954591592860849
-0.01929385794222049
-0.01938265982962406
-0.01967014855450816
-0.01948042639507536
-0.01968240135870802
-0.01941282274799716
-0.01963859792408573
-0.01955132215009064
-0.01978558368630745
-0.01977034772910774
-0.01950206481160299
-0.01889601781271466
-0.01996467027021526
-0.01951716407040543
-0.01974699927528661
-0.01977690416897143
-0.01982150776483843
-0.01990966778459835
-0.01941647950045144
-0.01980903442227611
-0.01990813094364718
-0.0198566934189191
-0.01961577342162713
-0.0197218543119802
-0.01990725105997782
-0.01998342264735076
-0.01982320538872567
-0.01985103048507159
-0.02001873405925669
-0.01999404944163036
-0.02007271853826076
-0.02012062763801375
-0.01975019849144571
-0.02039581809527841
-0.02000956692185191
-0.0201549465167995
-0.02022750879167751
-0.01992050162439607
-0.02051056995906592
-0.02018759951317134
-0.02042194374989792
-0.01990247672161871
-0.01633892366103318
-0.02003677190335124
-0.02021925928487883
-0.02039597123116171
-0.02033762701135122
-0.01893713525381635
-0.02055635201322092
-0.01996740906030348
-0.02067531371170711
-0.02030577760553803
-0.02038786698123141
-0.02044664989029932
-0.02031320997782304
-0.02067180314190209
-0.02055933119588566
-0.02044286188754363
-0.01814156557280633
-0.02030739498064205
-0.02056089066203232
-0.02053481241741784
-0.02051778094055468
-0.02077079948249327
-0.02050923595102455
-0.02062467788023542
-0.02085392805641084
-0.02043785968732043
-0.02081893165756338
-0.02063262762803586
-0.02092653152389146
-0.02073083115942415
-0.0208555564914597
-0.02088142315782332
-0.02074256543648467
-0.02058832461280513
-0.02114036744937259
-0.01840138703116878
-0.01507548318258412
-0.02085519139376513
-0.02089142030551538
-0.02070977753097258
-0.02100034093583869
-0.02104361998701543
-0.02095205762118324
-0.02117180138309943
-0.02062032627634813
-0.02136710284807808
-0.02098840557443421
-0.02107392029624433
-0.02042999635640452
-0.01698272660081557
-0.02124546371253783
-0.0208030286933707
-0.02132445211973488
-0.02107245838281252
-0.02138629552593729
-0.02095479183217031
-0.02120843883186813
-0.02120612943161049
-0.02137057023235522
-0.02146944438174825
-0.02133456825535957
-0.0212307504910621
-0.02116121292167783
-0.02150100704544022
-0.01949350990118148
-0.01805066768212704
-0.02144949338410929
-0.018594711702975
-0.02135737480212235
-0.02142734032485255
-0.02148656743341648
-0.0213992400518756
-0.02135562025530291
-0.02165366742168251
-0.02132134189383228
-0.02185205340330199
-0.02131487753829281
-0.02164164042319855
-0.02144390216255676
-0.02072180501373833
-0.02157966805632799
-0.0216731071759666
-0.02150961328503226
-0.02147903095893489
-0.02192563379109524
-0.02151563876693913
-0.02174816034090621
-0.02177845468648482
-0.02159256993649383
-0.02204695188684547
-0.0215713449153262
-0.02209755691967907
-0.02180910366039768
-0.02180498989581581
-0.02034551303075105
-0.02095596764602004
-0.02190313482398398
-0.01986670827849846
-0.02180399458258692
-0.02212718454895818
-0.02197846687971167
-0.02172165414558302
-0.0217927429645301
-0.0219808526175454
-0.02187585679685
-0.02208201039396285
-0.02191738305166968
-0.02213276192811714
-0.02209090340666725
-0.02186083781801396
-0.02215853467507939
-0.02212145136122134
-0.02236853941860756
-0.02205615750485079
-0.02209720822060057
-0.02206004047777466
-0.02225265496699735
-0.02226684613495222
-0.02200284034531597
-0.02238365577993845
-0.02092715427049185
-0.02229997297831671
-0.02071251628508808
-0.02240721267032164
-0.02228172171123344
-0.02228199292981264
-0.02231352804845882
-0.02226645185671533
-0.02243014185551323
-0.02251814843043515
-0.02250005898834428
-0.02225600829683888
-0.02255001727142047
-0.0225039521440985
-0.02255025215687606
-0.02256478874538831
-0.02241863483833573
-0.01926484071961543
-0.02277029210996795
-0.02235578139352201
-0.02256367105515461
-0.0224167222961596
-0.02281568320811678
-0.02250620309793405
-0.0228063100720608
-0.02276367904006016
-0.02162901737975886
-0.02298293463094958
-0.0223933625926086
-0.02283115222962723
-0.02275698822998917
-0.02277633164719639
-0.02285241680850758
-0.02300516953059784
-0.02266494005077729
-0.02292435996385223
-0.01645070922325242
-0.02306176452479436
-0.02254338738511252
-0.02302961375635415
-0.02286216695634624
-0.02298814604966093
-0.0230345944251385
-0.02276567596164336
-0.02308981221125755
-0.02302118906995942
-0.02330714985866861
-0.02290795743867163
-0.0230512198598074
-0.02316515103225425
-0.02317702368025021
-0.01797894669765832
-0.02320431296157549
-0.022976165735418
-0.02307432404253756
-0.02322689371710451
-0.02297470199467977
-0.02330418855736394
-0.02321523221122879
-0.02313632722291564
-0.02326000014592244
-0.02318302993575755
-0.0233378831978473
-0.02342926745473828
-0.0234404600089172
-0.02311495885927967
-0.02346286320268454
-0.02341909431991551
-0.02094027592573067
-0.01833858882596395
-0.02337816906090023
-0.02341175628621184
-0.02369829219566644
-0.02324377781532255
-0.02351972914850803
-0.02326790841550391
-0.02376841415938813
-0.0233873120967158
-0.02371620486223475
-0.02356565961822094
-0.02388826421391105
-0.02349304620670445
-0.02349887239070436
-0.02322495571609284
-0.01771353619515992
-0.02369453899813406
-0.02357705933850479
-0.02362344672815864
-0.02384387598433024
-0.02367317568337524
-0.02378989047427532
-0.02196196088418745
-0.02362573303026472
-0.02386175190478274
-0.0238603557265008
-0.02380125931412924
-0.02391934698850717
-0.02372134493504519
-0.02180377850791171
-0.0208672332399491
-0.02395860857868082
-0.02381034499780715
-0.02412847995806405
-0.0236962550470935
-0.02395332303826087
-0.0239542355669381
-0.02419748463313864
-0.0238007039883586
-0.02403988517527994
-0.02381217191683938
-0.02387855893657065
-0.02407676816575294
-0.02412079854645105
-0.02395653170240941
-0.02394212395153211
-0.02416442718558165
-0.02418653937511528
-0.02262056235307508
-0.02415499667565907
-0.02425988037599508
-0.02434261757622347
-0.02391030086136786
-0.02424748989296549
-0.02423541684528152
-0.02239998541240329
-0.02423023038140992
-0.02421083122508844
-0.02445304691543942
-0.02410140243211439
-0.02448981028251379
-0.02412689938435919
-0.0240597048060236
-0.02457500026061865
-0.02440124922733189
-0.02432940052578114
-0.02450513207144767
-0.024146394395133
-0.0241664358485334
-0.02478810710835411
-0.0241857446284926
-0.02464312505981364
-0.02444785148116457
-0.02440363166049747
-0.02470533406687275
-0.02464716113216714
-0.02417625384240729
-0.02459647980745688
-0.0237875036802162
-0.02446012967997196
-0.02466369515338884
-0.02468998943946421
-0.02358790178708414
-0.02456624596722867
-0.02463361660230634
-0.02465788873994385
-0.02480759042943148
-0.02454500133487525
-0.02492751025396928
-0.02454018772971628
-0.0249190418682127
-0.02478824975914423
-0.02503160913596852
-0.02478452137810355
-0.02462243755960786
-0.02503379841457498
-0.02485885307309044
-0.02497452213476292
-0.02481341839339873
-0.02468349825899629
-0.02249818406335002
-0.02509089534476916
-0.02494099354760709
-0.02498275465968264
-0.0251399212577515
-0.02470792497673918
-0.02505159262962042
-0.02536178211531759
-0.0247547340052427
-0.02522485806407876
-0.02500111640612984
-0.02505939917397643
-0.02534685013437055
-0.02512289133102469
-0.02491121849077338
-0.02403212613482442
-0.02526136524846995
-0.02479143246153737
-0.0253817468308789
-0.02519850997556078
-0.02523437457083977
-0.02516380349486663
-0.02516211154710218
-0.02551434951713916
-0.02528475996845936
-0.0253007490329617
-0.02525439997032075
-0.02545466749386444
-0.02539410943542003
-0.02564291552371628
-0.02537336405172758
-0.0253385906617517
-0.02561921839218967
-0.0236031880463603
-0.02116220600971985
-0.02559918160763924
-0.02309102882716907
-0.025440561158106
-0.02536512448679529
-0.02568674938271642
-0.02556118568480759
-0.02549558914183503
-0.02571727365737514
-0.02530611008590639
-0.0259056230003511
-0.02538821182936335
-0.02396216292501219
-0.02553192169235041
-0.02568574720059424
-0.02555587400026216
-0.02564099823618737
-0.02580222595711595
-0.02563724130666289
-0.0259462314963041
-0.02546453861246822
-0.02597778195881795
-0.02578934182774667
-0.02583667614305535
-0.02585289465488716
-0.02571670597084919
-0.02610708380432852
-0.02586832671476208
-0.02591616000042518
-0.02427148480804675
-0.02345326301181316
-0.02595553107807552
-0.02400422501818422
-0.02593306343453794
-0.02593460956574001
-0.02615894081165904
-0.02572781882860592
-0.02602863127297017
-0.0261414333192706
-0.02600726712245394
-0.02608889938792724
-0.02588881838930607
-0.02628967430246981
-0.02612718556162869
-0.02619523652629757
-0.02623216176266796
-0.02327170479573848
-0.02406875285256493
-0.02599505175816852
-0.02631538032405656
-0.0262190742382496
-0.02627611216576498
-0.0261044881311337
-0.02626881043193174
-0.02638152732314619
-0.02462594679607655
-0.02634474240868345
-0.02449147186614642
-0.02640688606980091
-0.02640419788829595
-0.02635895251463755
-0.02611362820356222
-0.02642674898339403
-0.02643038089494976
-0.02572413511567007
-0.02621485306029464
-0.02661668204752204
-0.02645510558880115
-0.02653145401781809
-0.02628068164503156
-0.02652270446310773
-0.02650058250409038
-0.02669649937756696
-0.0243311630410652
-0.02647948010409418
-0.02657532802018797
-0.02682211932886269
-0.02613784271874042
-0.02640403955273152
-0.02659294122735006
-0.02657471675545964
-0.0267804515923834
-0.02664480071597386
-0.0267521680595158
-0.02666466601395007
-0.0253142632131631
-0.02669294066092304
-0.02524404177941708
-0.02669230187486626
-0.02675493157711539
-0.02685743201852914
-0.0266617153457942
-0.02689621959699162
-0.02675237769749855
-0.02684667311619315
-0.02698434165518143
-0.02704501540693771
-0.02667546109743246
-0.02700253144371983
-0.02683440877848409
-0.0267262673482902
-0.02437592966971103
-0.02714242130595279
-0.0267670164558188
-0.02703524130308088
-0.02695452733317988
-0.02726153556064803
-0.02698420653192257
-0.02682710183165959
-0.02720325440941512
-0.02705175560961598
-0.02711585111637654
-0.02738064241553445
-0.02710765396488379
-0.0271002168407346
-0.02584994753816172
-0.02717865119435725
-0.02594282603996234
-0.02685814207832582
-0.02723839106912396
-0.0270736037757735
-0.02729665885785099
-0.0272980229368785
-0.02713732930455293
-0.02732520755159423
-0.02713741338451681
-0.0275445131598262
-0.02732151837285274
-0.02726139806168865
-0.02749970034255311
-0.02723673774186047
-0.02752984729418267
-0.0274578585843806
-0.02737350821048717
-0.02760036442890518
-0.02652709804959219
-0.02197787315814193
-0.02747403059357317
-0.02739861018500683
-0.02763056018382071
-0.02751005116647248
-0.02637440449476802
-0.02747700822735638
-0.02757775002055568
-0.02769666764479167
-0.0276634578524233
-0.02716236660379856
-0.02668012851718515
-0.02736644174587566
-0.02761272567094647
-0.02760109090501295
-0.02770450657950529
-0.02778018798288684
-0.02742314587982564
-0.02787102159112659
-0.0275038218187979
-0.02794332153242274
-0.02759889780872699
-0.02785795467019214
-0.02787557787905331
-0.02765574851633773
-0.0280068965278597
-0.02768368568345825
-0.02684020546099486
-0.02619014572412848
-0.02813141290510229
-0.02773899230144977
-0.02785064780714414
-0.02798790044013949
-0.02808483855305077
-0.02784104915940316
-0.02713526262856991
-0.02778029209101418
-0.02790674499922396
-0.02799697117507294
-0.02806067893237901
-0.02792304249098265
-0.02800600027645705
-0.02733834193467999
-0.02806972683088921
-0.02804235670580579
-0.02788885756914433
-0.02826033880227857
-0.02810362066803385
-0.02815710792733966
-0.02793620871198432
-0.02815305753522079
-0.02817225107855015
-0.02823377175987124
-0.0283512006103222
-0.02657482729331484
-0.02809699942771887
-0.02838536800198566
-0.02830663179536569
-0.0273396938227819
-0.02825062462721301
-0.02815654205860008
-0.02830023984244967
-0.02839968731121056
-0.02838647286166551
-0.02812723917313231
-0.02850888278704866
-0.02809605636941981
-0.02869571068379112
-0.02820215146797783
-0.02848948294432257
-0.0284427767924984
-0.02687248822233546
-0.02830352514275192
-0.02860314154571741
-0.02845851900637414
-0.02837878788660753
-0.02861441898359379
-0.02834473662610154
-0.02864280213562137
-0.02842779947033663
-0.02865694857888218
-0.02866343701034585
-0.02871063929301398
-0.02860334230553574
-0.02722227389247944
-0.02844044724297806
-0.02864077376424212
-0.02865153635953965
-0.02787680864176512
-0.02874301436234961
-0.02866221927275192
-0.02886547870032258
-0.02867434011991765
-0.02859300578971286
-0.02889292147183253
-0.02880170614777539
-0.02883054464243839
-0.02865120506238439
-0.02859951830061913
-0.02699187003590797
-0.0289439623662866
-0.02880935946640217
-0.02889915350159439
-0.02885186671320672
-0.0287015374362436
-0.02915297391814603
-0.02890682998390626
-0.02907359478758853
-0.0288069873120117
-0.02889634307596817
-0.02911069825925516
-0.02900061050392744
-0.02887109238034657
-0.02832522513357194
-0.02921814655948424
-0.0287860554254834
-0.02755464338305202
-0.02923278493199011
-0.02895869119635586
-0.0290694517568762
-0.02906981806697662
-0.02905433809358809
-0.02924557200901468
-0.02913547956676482
-0.02912931982564654
-0.02915553561298501
-0.02932944805683868
-0.02913201844938718
-0.02945830364234586
-0.02919380110978992
-0.02923522577045207
-0.02941408504751469
-0.02771052321734491
-0.02516149657818811
-0.02946778393754573
-0.02932191669420198
-0.02911558461053182
-0.02950087402157925
-0.02935492418097801
-0.02939012184377587
-0.02943904318493468
-0.02931298865033394
-0.02848952182539666
-0.02969174505268396
-0.02926868813096384
-0.02753972017432105
-0.02938442223205423
-0.02957755398659123
-0.02926218444491108
-0.02944812303437339
-0.0295536824606687
-0.02951895215961869
-0.02975505176722837
-0.02923817977277898
-0.02975972512300129
-0.02945429242052089
-0.02964540417763756
-0.02965732957646228
-0.0296368606136227
-0.02974590282599771
-0.02965564883283445
-0.02970726523793588
-0.02825001908694347
-0.02680379608041328
-0.02976125094450766
-0.02977427227005425
-0.02984772003988895
-0.02964123640065452
-0.02972964139629597
-0.02984995151710979
-0.02923471853482518
-0.02981363427161982
-0.0294669220578001
-0.02993902663532222
-0.02984086710757616
-0.02999333575393071
-0.02965125764304849
-0.02980558947977724
-0.02929168154320649
-0.0298177253329584
-0.02995536589366665
-0.02979789051974324
-0.03007168109423375
-0.03000081525843507
-0.03015470638894469
-0.02974928171780183
-0.02999728260892309
-0.03003632928467914
-0.03010083986540713
-0.03026502927203917
-0.03005419901148387
-0.02997721322668456
-0.02884500583851679
-0.02837334546208226
-0.03007994741260056
-0.03004475582682686
-0.03024379087251572
-0.03015843376122612
-0.03019771586198244
-0.0301670045011358
-0.02968069507305238
-0.03008416388611618
-0.03003698379561204
-0.03025658780555113
-0.03011205379079207
-0.03038683339585829
-0.03016759974859096
-0.03027266438486742
-0.03035177651910853
-0.03015881076715049
-0.03048912956854444
-0.03026362661501475
-0.03024082851480259
-0.03044795177331039
-0.03023760432742661
-0.0305371245795637
-0.03022372074075097
-0.02927753660516608
-0.0305259962586284
-0.03041886917350156
-0.0304380044455751
-0.03056771295337285
-0.03024623009306804
-0.03074473295002844
-0.03046186191834632
-0.03054233614849355
-0.03065503671262315
-0.0306552123141493
-0.02964949961327079
-0.03031555002856529
-0.03002913776173699
-0.03067667778221606
-0.03036681643922706
-0.03073457820664338
-0.03042068373849433
-0.03079753935719404
-0.03070393587750597
-0.03067755026281854
-0.03073252818832367
-0.03036777180470029
-0.03093664815094271
-0.03056901734025158
-0.03092014961343242
-0.03068864376403563
-0.03076947699286525
-0.03091425433026529
-0.03015723620575717
-0.02978054233767313
-0.03090738623033307
-0.03080821855313937
-0.03064373443349983
-0.03095807787523142
-0.0307951584601307
-0.0310189280614947
-0.03073594242679589
-0.02980878187619584
-0.03100592631351307
-0.03096851377013865
-0.03085414626871219
-0.0311381816566178
-0.03075931969027851
-0.03123109787709027
-0.03089244224095311
-0.03111324801909737
-0.03100378302761631
-0.03109700293493223
-0.02651636742339036
-0.03106102111446907
-0.03113076648199531
-0.03101854141377602
-0.03128124077861649
-0.03088317004242475
-0.0313585755096315
-0.03115806387283648
-0.03118809783497645
-0.03117087582608208
-0.03110836795720467
-0.03143174887924882
-0.03125868144737876
-0.03125063661551714
-0.03041719878805615
-0.02672926282744914
-0.03126834858906641
-0.03030181108763141
-0.03129850723367572
-0.03130529783475455
-0.0311816346383591
-0.03131750396343774
-0.03140161160525146
-0.03143455794644762
-0.03132122579166191
-0.03146138754395456
-0.03122107226879778
-0.03164050604340446
-0.0314360263615393
-0.03153922186366326
-0.03152522203348429
-0.02941853466080424
-0.02710064853569527
-0.03130094279125317
-0.03159507478789753
-0.0314952903330854
-0.03164388993033157
-0.03140024406021585
-0.03161234353251552
-0.03164663083549962
-0.03051357517781472
-0.03158829353004489
-0.03160232216469949
-0.03017373858739436
-0.03170097146006695
-0.03164655063325472
-0.03166513081148747
-0.03134009324858072
-0.03174073074164996
-0.03160566780190965
-0.03163258715643152
-0.03183314662856324
-0.03177810792674701
-0.03164744712501877
-0.03166431699055283
-0.03184242702103202
-0.02970621658581951
-0.03188132345038275
-0.03176258374246271
-0.03146359875920268
-0.03174659303295357
-0.03187477717297693
-0.03178679785838495
-0.03193170017428948
-0.03195467786047945
-0.03165196641291418
-0.03215145943447528
-0.0318665776072164
-0.03058380290002205
-0.03195259996307898
-0.03205521160170377
-0.03181192053444915
-0.03067240425284012
-0.03201914165851216
-0.03186052251132093
-0.03221027472795007
-0.03199811720968987
-0.03191633398657601
-0.03213011940915966
-0.03131214122200188
-0.03198663574255861
-0.03215650480137239
-0.03196483832352415
-0.03237699852693554
-0.0319749908327534
-0.03212580605343301
-0.03013671152870678
-0.03215616717860326
-0.03214571249817538
-0.03219050509705101
-0.03230201080890621
-0.0321528957273533
-0.03225891034694822
-0.0321577870048948
-0.03221559410824959
-0.03126640446834283
-0.03245843224571909
-0.03216909410636676
-0.03232886952082248
-0.03235814366128847
-0.03107909122650199
-0.0320905625223144
-0.03241356248418309
-0.03228513133340416
-0.03254892037105739
-0.03220063084210467
-0.03239795671432716
-0.03257430370246633
-0.0323704417165166
-0.03236689642024576
-0.03244601252372425
-0.0324965613131547
-0.03264038771549821
-0.03256669664358297
-0.03233420507406859
-0.0324600936876891
-0.02802200651242703
-0.03261877887348469
-0.03251620195388122
-0.03260321524326354
-0.03269660318638956
-0.03237925062393321
-0.03284658872642199
-0.03243135662561131
-0.03283001868592911
-0.03067397423468154
-0.03253058630597222
-0.03279515208075967
-0.03274352160858357
-0.03266149592917161
-0.03233994820698793
-0.02923578948660577
-0.03278749665367892
-0.032452451202235
-0.03297548035420728
-0.03263825197327991
-0.03290042594507553
-0.03266342160989044
-0.03271183503213893
-0.0328845515926669
-0.03291930608120142
-0.03282021170361588
-0.03285121210629549
-0.03297410482486396
-0.03279063213060229
-0.03314779253888872
-0.03266115041831608
-0.02840050445502929
-0.03294527104214201
-0.03275206615115051
-0.03282682761163791
-0.03299836957354885
-0.03292894374111704
-0.03310238776362173
-0.03274825372057533
-0.03314674700102838
-0.03295973356234194
-0.03316537102719175
-0.03313804820841515
-0.03227151044276066
-0.03070400561524878
-0.03285631760699576
-0.03320171869542904
-0.03304035103517766
-0.03316940360549886
-0.03290671976060783
-0.03324683812615709
-0.03316329332713558
-0.03313575596831553
-0.03335041611038075
-0.0329453716650846
-0.03346448066588631
-0.0331096372923475
-0.03333250367151275
-0.03149792471446755
-0.0320736874162364
-0.03326315307955158
-0.03316676741531932
-0.03319863681498009
-0.03327945050123815
-0.03340879468862074
-0.0332514819759937
-0.03320463956162473
-0.03343665626271536
-0.03338764282760776
-0.03332565513658553
-0.03287898143539891
-0.03326511555090872
-0.03350449214601126
-0.03277824619449454
-0.03341515284507718
-0.03334984121822376
-0.03347103305274907
-0.0332906777668458
-0.03365620592162522
-0.03346899112339558
-0.03356121507132848
-0.03336342185066371
-0.03349720360143249
-0.03361931155338649
-0.03352377683994046
-0.03378762270601854
-0.03307252690497453
-0.03337716844451372
-0.03243101358838185
-0.0337974775100422
-0.03353545851444972
-0.03289204997729733
-0.03362671056510019
-0.03355635574580057
-0.03359340746085404
-0.03372785160105773
-0.03369898702020674
-0.03368535632071051
-0.03291179098135277
-0.03365947553894877
-0.03370684234955351
-0.03383597910669311
-0.0337303043563324
-0.03368979994703791
-0.03381555032163541
-0.03376365018232419
-0.03391096894995993
-0.03394910502677528
-0.03400556427258683
-0.03363037915621275
-0.03388443077221526
-0.03382933427245038
-0.03316549157248616
-0.03204656635740299
-0.03401312392875044
-0.03381308259805677
-0.03305152032581393
-0.03398177676449921
-0.03385740331121384
-0.03413690863961522
-0.03377955788073927
-0.03406966378045667
-0.03395880436543586
-0.03402061657560301
-0.03400485931169439
-0.03406364947109436
-0.03377706683943948
-0.03376951330703459
-0.03417319030560695
-0.03394595438922199
-0.03394592129374774
-0.03410500401324373
-0.03412541015005716
-0.03416507856874118
-0.03409800162008775
-0.03415923842275775
-0.03420235315845743
-0.03415946547242071
-0.03437983547879508
-0.03406168033036561
-0.03439191524221635
-0.03420474411186714
-0.03438056621695545
-0.03312080997912759
-0.03407337118493459
-0.03280030688030955
-0.03403927313219002
-0.03439132016961988
-0.03440982455556318
-0.0340946188005577
-0.03444235315970762
-0.0341114931067934
-0.03451207199860151
-0.03426898831995756
-0.03452990144825085
-0.03434761376205975
-0.0343511827102404
-0.03461549317549723
-0.03445970637908674
-0.03441998240237559
-0.03441769470068134
-0.03459803941161815
-0.03459380006026086
-0.03260827421125345
-0.03002979621301627
-0.03431995608661254
-0.03452842472874962
-0.03451166032977582
-0.03451552806704961
-0.0345661803519729
-0.03449599266058367
-0.03474378868276212
-0.03467167400842125
-0.0336015059916086
-0.03393320002119182
-0.03463949148431367
-0.03442546998205021
-0.0345710231108059
-0.03463846400824971
-0.03467674378164032
-0.03478858559284898
-0.03456576057928779
-0.03481803076104045
-0.03453626958163203
-0.0349570968018113
-0.03478188849692315
-0.03478804226049009
-0.03486146697577086
-0.03454534668665948
-0.034741641121804
-0.03258901897200239
-0.03505052637406531
-0.03476407029820627
-0.03484627236788945
-0.03457404822127774
-0.03473116636710244
-0.03487705219973586
-0.0348997108911866
-0.03476207109767976
-0.03494645227955123
-0.03491242624693885
-0.03497695861607714
-0.03493120975524128
-0.03402391710339359
-0.03484909081900867
-0.03501916548610901
-0.03480870005753012
-0.03509036224166151
-0.03501615204117847
-0.03506350919287843
-0.03503072462553336
-0.03481877676101147
-0.03521183305951758
-0.03447386569580058
-0.03501895644307068
-0.03519052508821463
-0.03500537995019704
-0.03516162894978309
-0.0350920718116991
-0.03511053549245824
-0.03485739340345706
-0.03526142335921478
-0.03514694490387404
-0.03528797709549747
-0.03496535136082951
-0.03435468342627868
-0.03532771786656669
-0.0351485466124552
-0.03519818274271092
-0.03536248385995522
-0.03535123069513157
-0.03524682630291326
-0.03342171300690744
-0.03518022577836188
-0.0352675542300348
-0.03535046643387901
-0.03533107162285748
-0.03532672166670564
-0.0351201069128475
-0.03545332815200392
-0.03535747889607005
-0.0343559080299336
-0.03543806556184809
-0.03537971950402646
-0.03560434840352128
-0.03523135413180484
-0.03541307997917892
-0.03406741537873792
-0.03559379453097244
-0.03540780294826334
-0.03544904248306729
-0.0355118382791646
-0.03538203724689548
-0.03568881143335412
-0.03555251199403503
-0.0356974892469355
-0.0353675215967727
-0.03558566465617513
-0.03561452122821379
-0.03471470983691916
-0.03423071675419198
-0.03558917090035429
-0.03577143722529197
-0.0354210152594806
-0.03581426448151986
-0.03548988701351247
-0.03566954554543517
-0.03576874065593272
-0.0357426575458431
-0.03573491601950357
-0.03570903520035018
-0.03570013678668521
-0.03588463894016369
-0.03441570565873331
-0.03586072078411356
-0.03570252162075249
-0.03202418908755256
-0.03591298915899171
-0.03566352072427337
-0.03577296925179368
-0.0358481842945621
-0.03578392509885336
-0.03593708911613602
-0.03580060557095371
-0.03600612320360669
-0.0357700109345363
-0.03599310536372147
-0.03582297100421283
-0.03609221819591257
-0.03588471067059024
-0.03606792921833124
-0.0359791016749238
-0.03260119548010287
-0.03594506884882281
-0.03617407037559262
-0.03587640482242155
-0.03590994773140355
-0.03603000555502794
-0.03607700169557493
-0.03595265705039985
-0.03605090430220409
-0.03615457031296837
-0.03610848032693464
-0.03600272061624959
-0.03608221310927534
-0.03605766234925412
-0.03294577726433712
-0.03618788991101313
-0.03613109766495554
-0.0361767811045185
-0.03605980380847967
-0.03616943322867294
-0.03625933366569978
-0.03622230370065949
-0.03634495261230575
-0.03601875073935717
-0.03640767383269689
-0.0361569675003392
-0.03641819624305537
-0.03620444772562736
-0.03525452063079726
-0.03418946401569833
-0.03633701216072233
-0.0363956227103055
-0.03621001590539302
-0.03649013594542816
-0.0361553824413286
-0.03600910820151171
-0.03652278568593276
-0.03630805654921876
-0.03620111106795676
-0.03649279243266779
-0.03634759296556994
-0.03634379233972318
-0.0356342872999571
-0.03649550013524216
-0.03648178090294607
-0.03639193270563157
-0.03639102759276641
-0.03655672428873219
-0.03639368283679684
-0.03671170161960313
-0.03648496330786893
-0.03642253134347972
-0.03666105908912337
-0.03659622221770142
-0.03537511331061172
-0.03663081528417844
-0.03641354643741063
-0.03677662374173662
-0.0358570444295303
-0.03655961764674109
-0.03666671378550074
-0.03668266039258578
-0.0365191740020771
-0.03611278608399537
-0.03684345686627355
-0.03576900009306883
-0.03657525634288572
-0.03682123126439363
-0.03653207340721337
-0.03681324292003191
-0.0367241281570268
-0.03666875993953833
-0.03684108029119165
-0.03664673397738349
-0.03697529496680207
-0.03698522542758548
-0.0366778915895925
-0.03683994047422529
-0.03675867549971717
-0.0368608846137129
-0.03685638485687309
-0.03696218230231429
-0.03689467084999914
-0.03475521467119957
-0.03685238947980007
-0.03691564062213787
-0.03701718260811804
-0.03565827882283035
-0.03698283759745913
-0.03681988087719584
-0.03710729966691112
-0.03694942900200793
-0.03696043294050072
-0.03711442805384296
-0.03682767170930801
-0.03621104447914902
-0.03639556421566326
-0.03717695022270157
-0.03689482070207617
-0.03719668470538073
-0.03695837053369183
-0.03703302228547012
-0.03717027449856181
-0.03720656348937623
-0.03698586845212831
-0.03712653468285532
-0.03715377603640918
-0.03728864451083341
-0.03716493490570172
-0.03711521183873323
-0.03718929211199828
-0.0356182200153663
-0.03729311785161638
-0.03710132257819032
-0.03733028490661872
-0.03720372680370748
-0.03716514132727161
-0.03551494732416938
-0.03738580771259004
-0.03719266922622211
-0.03743511321197834
-0.03719171944088812
-0.03731180438689397
-0.03740997113115263
-0.0372916824527445
-0.03749123287361539
-0.03726473545186249
-0.03731775371868196
-0.03462543577065613
-0.03753429141707099
-0.0373005691714885
-0.03736281682741005
-0.03741204597586273
-0.03746801605716749
-0.03753466122028082
-0.03744133488007118
-0.03740840818065
-0.03748952258682481
-0.03741337545908952
-0.0375617054584344
-0.03751599826082302
-0.03760451132943426
-0.03745665075978138
-0.03763158937855898
-0.03760469913380937
-0.03582316768979066
-0.03368350145478871
-0.03760971174107269
-0.03765631253311302
-0.03772214526957224
-0.03741764708089185
-0.03768499419425725
-0.03756269700878984
-0.0377434210282922
-0.03762929046511959
-0.03779297613301369
-0.03776805639827335
-0.03759584743304445
-0.03692670874118242
-0.03450585863152877
-0.03781251679839459
-0.0376453988486512
-0.03792824778213855
-0.03768842559795743
-0.03774320119342839
-0.03787699630883501
-0.03749370811272357
-0.0376890690822137
-0.03781605848535996
-0.03793643050305173
-0.03770619559677574
-0.03801794680000092
-0.03750316128457865
-0.03761467287604836
-0.03787036660609205
-0.03780606635491462
-0.03796354519915285
-0.03783492041074188
-0.03788577305561613
-0.03799915801700182
-0.03804819332064957
-0.03708674440609716
-0.03797358511917137
-0.03779179067027255
-0.0380569223892156
-0.03798290172716051
-0.03739920418758302
-0.03801474442688396
-0.03812192847459617
-0.03787049389609992
-0.03821192460021683
-0.03784444596919795
-0.03823705896277574
-0.03654073777686762
-0.03799270909225061
-0.03820027250034702
-0.03768719786569097
-0.03810547167271616
-0.0380963007094276
-0.03820633288283681
-0.03789221773028217
-0.03835736485408608
-0.03806343208629265
-0.03820218064956027
-0.03826559731311246
-0.03809406062488691
-0.03817454554951211
-0.03817487583274298
-0.03833543719612187
-0.03831473279427627
-0.03650178822859473
-0.03818945627538706
-0.03833251751939004
-0.03834679548410658
-0.0382973013768847
-0.03814748411570257
-0.03820156977642064
-0.03847759433225328
-0.03835266336551202
-0.03828764039054194
-0.03802905987886795
-0.03847320771801371
-0.03813494376268506
-0.03808463574084797
-0.03857428246596989
-0.03829236406638797
-0.03845084676425353
-0.03828495985983771
-0.03839542108296801
-0.0384478263503818
-0.03854110907024549
-0.03854259171488172
-0.0383143557271165
-0.03865238656861508
-0.03836114528106582
-0.03864271045776435
-0.038453788001235
-0.03865588445857854
-0.0384878518179903
-0.0372261668766436
-0.03855895400934134
-0.03853434905918807
-0.03856365288058233
-0.03855538033913264
-0.03804220374409706
-0.03871210800589914
-0.03857970889864459
-0.03872285595827663
-0.0384852163491004
-0.03872007488143181
-0.03870582758548574
-0.03869951573585434
-0.03886094033494447
-0.03848067326468074
-0.03895584990822887
-0.03856843364497564
-0.0368265566990269
-0.03857217256041573
-0.0387118951446136
-0.03876624226410275
-0.03877827249037613
-0.03879806542774689
-0.03884856913167123
-0.03876129726300637
-0.03883657376291705
-0.03892123665012259
-0.03899119895677045
-0.03754552440874015
-0.03891075459330334
-0.03872820987413245
-0.03902305468839951
-0.03894189813188809
-0.03889876936954473
-0.0382675060180544
-0.03540657916524381
-0.03901597974542614
-0.03870912120114245
-0.03916064587831292
-0.03886827445557567
-0.03893738310764561
-0.0390172616620304
-0.0389909838844017
-0.03903053475191681
-0.03914024162804897
-0.03899276009275332
-0.03859070932035458
-0.03650396091700525
-0.03909371359306091
-0.03904094520235335
-0.03924665005292094
-0.03906086380224966
-0.03894607936504002
-0.03912812277185118
-0.03926598869451536
-0.03909678348185014
-0.03916828796484861
-0.03919398918383882
-0.03895145494560404
-0.0393944819264293
-0.03913752751193689
-0.03930213550601425
-0.03913744423257459
-0.03858827632600281
-0.03621731434788433
-0.03917319572034622
-0.03923848248093853
-0.03932879259103494
-0.03939136897960493
-0.03907014652448454
-0.03942089867797444
-0.03915002271471357
-0.03939928974584761
-0.03903445855602516
-0.03886282390574358
-0.03930485293305491
-0.03939476710002671
-0.03934314203007211
-0.03929779244629417
-0.03933181491656357
-0.03938210044232754
-0.03898803794137606
-0.03947650281377396
-0.03940487732886999
-0.0395295775984793
-0.03926709954774221
-0.03947893659096541
-0.03948070058655906
-0.03951296532120874
-0.03966945414561085
-0.03926071685074262
-0.03847650244351275
-0.03857776986056827
-0.03968479147523102
-0.03935643743078437
-0.03949686610515279
-0.03956461073330902
-0.03959430554486681
-0.03958253683271823
-0.03958547320025535
-0.03954682534092557
-0.03887790154048076
-0.03965456674313905
-0.03956290784801503
-0.03973182606754572
-0.03955724251900211
-0.03972941398529423
-0.03951538686503042
-0.0396915677458658
-0.03976027331558285
-0.03978633111768831
-0.03925647651541286
-0.03951825935080044
-0.03923352499962718
-0.03979079598611973
-0.03954121635803298
-0.03979762079401417
-0.03964063057436695
-0.0398988137906357
-0.03965815619557755
-0.0398213632722848
-0.03986841464424107
-0.0396947298797885
-0.0399733711917924
-0.03970403152589586
-0.04007355435279203
-0.0397678788214173
-0.03966837195529926
-0.0388029314634224
-0.03986493631517912
-0.03993486623541948
-0.04004903533988607
-0.03985167889835844
-0.03978162674458596
-0.0400084132905415
-0.03811286342256448
-0.03992466154672397
-0.040004273709772
-0.03988504216242805
-0.0401406345551803
-0.03998680955907374
-0.03993788130828851
-0.04012425178197493
-0.03989222038616536
-0.03839522766664949
-0.03988377855963365
-0.04014175537280323
-0.03992124605180275
-0.04018876626955825
-0.03998527239481625
-0.04015178463415603
-0.04016340176275346
-0.04001632102840563
-0.04025733481948585
-0.04004093036882383
-0.04036273133229107
-0.03975877046254794
-0.04004450624770206
-0.04032133278400296
-0.04013748066648265
-0.04027933308633797
-0.03967496632047052
-0.03700145090693852
-0.04029550087672634
-0.04031127000379092
-0.04014982057086697
-0.04007867381285968
-0.04030205596270936
-0.04022629909601372
-0.04035701992882174
-0.04022614661509788
-0.04044737750693755
-0.04034143341734919
-0.04003667407702061
-0.0380381782349053
-0.0403144886954907
-0.04038905979483315
-0.04046335031367776
-0.04041177824867137
-0.04015387762788392
-0.0405202999184362
-0.04035803525195369
-0.04041074435716596
-0.04055576485735407
-0.04052482535724045
-0.04038894111414826
-0.04043572663535477
-0.04002832676027435
-0.04052905026056014
-0.039255004850971
-0.03872009842135782
-0.04046645980759556
-0.04049901823670987
-0.04044186573723202
-0.04066627249413202
-0.04047545627231003
-0.04052989655167089
-0.04062793114052687
-0.04000408645836373
-0.0406976496991267
-0.04062497736503412
-0.04041205665925818
-0.04008801846967902
-0.0407480683906134
-0.04055464198452319
-0.04057451956558483
-0.04075698125839655
-0.04074189312881471
-0.04053674289069548
-0.04064581468037476
-0.04068672208859314
-0.04079130172429912
-0.03935809781247634
-0.04072708611620673
-0.04067029567509334
-0.04091418591886498
-0.04077206587156657
-0.04069336814342617
-0.0398326161346958
-0.03980654596298283
-0.04087527576411071
-0.04058058383169411
-0.04090188435253822
-0.04069396977325329
-0.04097788069710784
-0.04075761167685599
-0.04084726937938055
-0.04092426058574
-0.04013711120651298
-0.04080757584159206
-0.04094032556539651
-0.04095470741672003
-0.0404279807126855
-0.0410635103346661
-0.04073841970417313
-0.04073026592566098
-0.04099523389163312
-0.04085891758716825
-0.04101945566465637
-0.04089628122998634
-0.04096151039046148
-0.0410489506767171
-0.04092727931866852
-0.04105579100601942
-0.03931701481774574
-0.04100002847242773
-0.04106634941480486
-0.0410838202033954
-0.04100753248794314
-0.04110418483354378
-0.04110094000704873
-0.04108192943433953
-0.04123269076329034
-0.04100415597552487
-0.04108635712461961
-0.03998442487724052
-0.04125409969523047
-0.04106724096320502
-0.04122802807916037
-0.04101292180170207
-0.04123916047021003
-0.04129255448499597
-0.04114998738095332
-0.04130325661059592
-0.04044488325182982
-0.04104168094517269
-0.04132704193291098
-0.04118638446260919
-0.04141929507519398
-0.04121331296424835
-0.04128317116325891
-0.04088040417845651
-0.03913582209214894
-0.0413695219466314
-0.04140074633660024
-0.0412249363775522
-0.04124710428427147
-0.04137193397594002
-0.04139277266786545
-0.04134182352767163
-0.04130478388515868
-0.04151498748991383
-0.04146925371703009
-0.04140977932955464
-0.04122380815285442
-0.04149599132358661
-0.04153655215592489
-0.04137387807897386
-0.04074632258131583
-0.03906951280101367
-0.0415511433849558
-0.04133154638351239
-0.0414059920101153
-0.0414958996942621
-0.04161428263140859
-0.04153472231384892
-0.0415552047506989
-0.04137578997935937
-0.04169989715858025
-0.04151928872100963
-0.04164341571258678
-0.04153910814285672
-0.04166768814316996
-0.04172060367924763
-0.04093897448612971
-0.03788272912775881
-0.0416341268233128
