0.326659097018647
2.180944423569699
1.213323459013951
0.491549029724325
0.7090853123584882
0.3590654919462865
0.5872287283624262
0.2788948193392276
0.4537576538391863
0.277081602724738
0.3657317370441415
0.3538938684407107
0.2250395814349163
0.3077197671862986
0.232749281242965
0.2961513176976574
0.1953803604843343
0.261387104193191
0.1899172408480242
0.2636958058175198
0.168216456871986
0.2311424929548717
0.1785477359392678
0.2298374108271614
0.1580958786281219
0.210314196161542
0.167009144358563
0.1965495257328992
0.1484956107037763
0.1966670700262554
0.1566686918141762
0.1753834045595765
0.1517057126884751
0.1681810485817918
0.1388801885272706
0.1696222915053418
0.1420667030910506
0.1554336376450794
0.1293105187101784
0.157079920983942
0.1402461773835638
0.1447412644198155
0.1291252920608278
0.1351613947380644
0.1361411601152377
0.1338894774851148
0.1261861680838151
0.1242704914846991
0.1295205760171505
0.1286528951544027
0.1202075433343103
0.1195485458642423
0.1169036203953718
0.1247678341196675
0.114445993447628
0.1144275165769927
0.1160811816081598
0.1105765998370193
0.1127806411942302
0.1085362144060992
0.1110857043286574
0.1345065466522497
0.1021028888161938
0.1107512482269355
0.1020615639848695
0.1114797883915047
0.09592698174322342
0.1069180646901424
0.09777578166577519
0.1070716884944978
0.09163950484514644
0.1020650795068803
0.09493193296348174
0.1006559333616749
0.0896865355117806
0.09828977944531592
0.09034485941190804
0.09543485773333243
0.08717707904166391
0.0947196094839568
0.08627098747551298
0.09081869493338596
0.08455553529995938
0.09137772077944539
0.08245352843550208
0.08661937125200864
0.08195860298632421
0.08825502805189994
0.07882363564577541
0.0833087733418808
0.07862982997064658
0.08592594478162274
0.096101146733794
0.07432325421637562
0.08328421105549871
0.07595840061764644
0.08326515333418644
0.07170321470745944
0.07975038709108528
0.07357837899966679
0.08038271085369325
0.06898210248291067
0.07637798103296195
0.07141198609764129
0.07772869199735677
0.06679890137745267
0.07478959603615348
0.06691578103959211
0.07581638781792455
0.06468860888062883
0.07191782291699045
0.06376932636078467
0.07383146398943102
0.06259778799093227
0.06965009691533242
0.06229014500610636
0.06972081170874
0.06153025288446123
0.0603407052315415
0.06901810043904949
0.05854374297490716
0.06998025007568592
0.05832912127624984
0.06663858948018608
0.0561376827585422
0.06793875392588938
0.05645979589006433
0.06429447779528868
0.05379650221337201
0.06600548619215368
0.05468474194517753
0.06241886190621887
0.05252654157302072
0.06256277107931268
0.05332878899332988
0.06051371730928046
0.0504447906994166
0.06006493272656283
0.05192499082274182
0.05866277414981602
0.04867608718351968
0.05866634348567745
0.04920180727966511
0.05712593597251014
0.04725448684164557
0.05644877045213692
0.0519733598761043
0.04693920986286243
0.05605335449626592
0.04543540157803094
0.05649322321720796
0.0452013302029452
0.05429853754474739
0.04393065646693195
0.0545466823538604
0.0434018690096713
0.05270753381052568
0.04256864112085307
0.05259523464534233
0.04165288184714994
0.0511642274273913
0.04123950025303758
0.05070559121395452
0.03995240735973299
0.04966519109364276
0.03994109584355893
0.04887450547403116
0.0382982948354505
0.04820755516397296
0.03867177131555416
0.04709876871599206
0.0368839096248112
0.04857194959968414
0.04573880041956557
0.03718643963189272
0.04652676496088765
0.03728719969372885
0.04450667503415406
0.03566383805615292
0.04517839583159561
0.03558308394200999
0.0433790767344972
0.03441115889903201
0.0435642540004158
0.03396185093150056
0.04224490614600984
0.03317061143942984
0.04201818664075491
0.03240386973083381
0.04214580343340479
0.04057569361087221
0.03230779402237277
0.04045390800875753
0.03277723158875195
0.03946419846812699
0.03106319246656897
0.03908934573962242
0.03128519536576724
0.03837796388116899
0.02985103284200358
0.03774952120793934
0.02983017783742697
0.03731403743982131
0.02866847318039173
0.03643516583455253
0.02841106041403602
0.03627044524726442
0.02751335333675525
0.03514633432766345
0.02715413256117233
0.03507771761653011
0.02964061215795155
0.02687739247167026
0.03362400193200171
0.0324993885633571
0.02643472609216774
0.03381332160083328
0.02676294118439415
0.03347597753961407
0.02522510557557933
0.03252940143277588
0.02574817754943981
0.03247599510814458
0.02401150596996299
0.03146142875606339
0.02454149126979482
0.03147586332584407
0.02293968652184597
0.03036609091529069
0.02329822208259091
0.03055537172653616
0.02195085216567971
0.02916979007432585
0.0223557932419694
0.02933385471568006
0.02890649019392111
0.02198033395949622
0.02760339600938777
0.0222247747084296
0.02811275958180132
0.02088085802464157
0.02648670920389923
0.02125056518589075
0.02717937338714671
0.02204296350172896
0.02001846715929234
0.02650117103399013
0.01967457163920389
0.02652182133804498
0.01922298264511307
0.02532104870627583
0.01880847172157118
0.02539985465500155
0.0184312208665936
0.02417153607167538
0.01795202786583994
0.02771474796550955
0.02367068494091207
0.01796012816764286
0.02404035844063351
0.01762161739515566
0.02259953360866485
0.01710820218251219
0.02320535751333958
0.01661068714855723
0.02165103775863059
0.01625323837909415
0.02231554785476464
0.01558179375675406
0.0208589301642273
0.01542277693063238
0.02129752757142395
0.01458072512138192
0.02007035815479918
0.01880701363601034
0.0144077298622608
0.02018894673228311
0.01442536559184077
0.01958022201103771
0.02068037145159529
0.0136019438270456
0.01945781666534746
0.01391688990958323
0.0193093456882456
0.01278894091929139
0.01853987091452686
0.01297211226173939
0.01855056336728894
0.01198681160528292
0.01763739952562687
0.01204408953850272
0.01780035514209638
0.01119554200900974
0.01674948445604407
0.0112832977531373
0.01687222537464655
0.01044775444278584
0.02231965780210654
0.01547543008682312
0.01072138288199825
0.01580819044160409
0.01554117224875906
0.01098904542635315
0.01578451180225582
0.01008537794313547
0.01516928956459551
0.01004011103315078
0.01486831569280439
0.00941994678529362
0.01441095146739463
0.009209205234183837
0.01397090568011128
0.008758757010349949
0.01365958827693486
0.00839389722585443
0.01309025560975591
0.008102698133096609
0.01291588893850248
0.007592617230324394
0.01222490156463096
0.007931168018880719
0.007355987047856449
0.01238096083696671
0.007736235948590742
0.01134780876193192
0.01784363802392352
0.006750181336644734
0.01151245692183672
0.006839401372099596
0.01178287350534452
0.006137129832119614
0.01080244038760525
0.006050697176973152
0.0109620563035337
0.005527517485433731
0.01009910924337443
0.00567582593298166
0.005545308354437783
0.009664731291746775
0.005672737036489794
0.009777600265305275
0.004787734999744608
0.008883137597287649
0.005016214759877846
0.009138217485980094
0.007532383526728026
0.004086437991307978
0.008797314380040666
0.003998006167827028
0.008808337234523345
0.003476280172380108
0.008039237888760875
0.003357651624077973
0.00809930982737822
0.002900118471198809
0.007263297687382264
0.002752892799930962
0.007332102073508984
0.002326741969280788
0.006501125378025219
0.002152599328850757
0.006577632651298515
0.007666836496970753
0.002001149785360479
0.005560708266300285
0.01140451035057932
0.001988437509144791
0.006067555624690912
0.001505298018862233
0.005930338519154699
0.001284683161340949
0.005329268048009317
0.0009312236074729419
0.005337131880641721
0.0005935170506314869
0.004604400637582884
0.0003606242954971028
0.004747136441256905
-8.65685459803256e-05
0.003891487186262699
6.030547931956676e-05
9.82066623228528e-06
0.003839923297334236
-0.0001170848319053119
0.003532446017982971
0.001852126408972588
-0.000671397311657107
0.003525762449886727
-0.0003601881067668566
0.003166756139455551
-0.001232943765818395
0.002927898159249542
-0.0009962672023369756
0.002466176254706687
-0.00178100890468369
0.002373461462634063
-0.001637509468264464
0.001776560924307058
-0.002325156617153046
0.001822229241849882
-0.002269855043554203
0.001097000874450138
-0.002865118753971496
0.001274646517196554
-0.001466743251013369
-0.002846270335559009
0.0009270465836629382
-0.003038939883426683
0.0006382961872011816
-0.003388505828531951
0.0002803915321369366
0.005000509022213606
-0.003808929479239331
0.0001815014390884606
-0.003504848655016324
0.000101521801844362
-0.00431696536632975
-0.0004508997576068707
-0.004144221463243891
-0.0004245075292605982
-0.0048226294487142
-0.001073779858472623
-0.004774500642959589
-0.0009473263184454628
-0.005325436818815588
-0.001688046990749426
-0.001618399521983171
-0.005254773634742749
-0.001444880469701759
-0.005385254962706698
-0.002107002563344729
-0.002750325694396594
-0.005795067925541963
-0.002213317898848877
-0.005691456103063597
-0.002186921417342336
-0.006387417466766798
-0.002727285971555693
-0.00617840216204818
-0.002784018728002824
-0.006972996850637403
-0.003237117781328569
-0.006661916526804201
-0.003374215002758862
-0.007552113376361302
-0.002169174155118192
-0.003829592582052288
-0.003374148963077417
-0.007043028410453567
-0.003822073704691176
-0.007309042922626463
-0.003776629787262786
-0.00749256904185891
-0.004318724422088138
-0.007873500806969191
-0.004377829325805105
-0.007940992630932786
-0.004813253678462193
-0.008429557364106721
-0.004970352423472824
-0.00838778950310326
-0.005305215592071033
-0.008978111397371924
-0.005554990809857663
-0.008832573354984219
-0.005794275022981132
-0.009519820515911326
-0.006067755569914901
-0.009358867367172674
-0.006274588260319403
-0.007641080034177961
-0.006723045323664856
-0.009692675903813786
-0.006346542348160955
-0.009633439213898254
-0.00618575490194756
-0.01025367998279197
-0.006804187563036801
-0.01007439335898846
-0.00673089904552715
-0.0107936883868045
-0.007245326868566104
-0.01049644813526346
-0.007286765796151728
-0.01123306710082639
-0.007805768647455691
-0.01082508470080157
-0.01053987617251723
-0.007659951661203535
-0.01138136539721846
-0.008475620923587224
-0.01111585440453478
-0.008104465952274653
-0.01180284387068387
-0.01152982108451356
-0.008613100947309993
-0.01179015786050835
-0.008366293372257694
-0.012045749891752
-0.009065911069038979
-0.01220421818345441
-0.00891827979902049
-0.01256652943507891
-0.009505122930794474
-0.01262093529213582
-0.00943782316973818
-0.01308156205267158
-0.009941736661578993
-0.0130355932496462
-0.009951635001087256
-0.01359117665823395
-0.01037562025358141
-0.01066315960929387
-0.01352720821610487
-0.01029103457452168
-0.01327010651766836
-0.01103170514905749
-0.01276881622555948
-0.01382806514961593
-0.01089964185054548
-0.01398778017149754
-0.01073410374202249
-0.01432362028920187
-0.01140762181044441
-0.01438702959590743
-0.01116035793990516
-0.01481951970432271
-0.01190128689842102
-0.01201656620802627
-0.01463282464246196
-0.01180099686944169
-0.01478204239262976
-0.01220742675343078
-0.01000163450108449
-0.01511862742114173
-0.01204202276244309
-0.01501657155495628
-0.01239946992823149
-0.01551651017796213
-0.01243982513567937
-0.01548846689532091
-0.01289388351483117
-0.01591260753516749
-0.01283630044321604
-0.01595519934693002
-0.01338269214917537
-0.01630674310226315
-0.01323117870140655
-0.01641713370669368
-0.01386627878307034
-0.01669878237040234
-0.01362426060235788
-0.01549125563516807
-0.01668191627252019
-0.01407377151654077
-0.01369211091840938
-0.01699376086584997
-0.01402030661988746
-0.0168750180604445
-0.01408934307699439
-0.01736694992226812
-0.01448413278242378
-0.01734722177245157
-0.0144749441133234
-0.01773913939398253
-0.01494240997214857
-0.01781407778831257
-0.01485911224823733
-0.01811007438327961
-0.01539560807526463
-0.01821817560623262
-0.01527653599479001
-0.0171958546834361
-0.01815643837271175
-0.01569785030101767
-0.01846250376144587
-0.01576692000874647
-0.01784420479155191
-0.01871891698365241
-0.01595209896811617
-0.01849451649003298
-0.01598255830373368
-0.01915248694996513
-0.01640345804469406
-0.01885346421531853
-0.01636593440319639
-0.01956745023344414
-0.01676074808356198
-0.01931975373847922
-0.01673736806521414
-0.01992090279580566
-0.01720234706512813
-0.01975983649783003
-0.01710718428436742
-0.01769586595621497
-0.01994240988670648
-0.01749190681326801
-0.01998788014499236
-0.0176054730368872
-0.02030141245860723
-0.01784314201967158
-0.02041427767883391
-0.01804795912375623
-0.01617170571689996
-0.02072402647183158
-0.01804310393524416
-0.02051451778479324
-0.01830960886022898
-0.02107548672471365
-0.01839907648929812
-0.02094614267362938
-0.01874873166737645
-0.02142132899369759
-0.01874379014067007
-0.0213668441585913
-0.01918260145383766
-0.01679373412349161
-0.02163500264542484
-0.01928021702574939
-0.02164794312660656
-0.01913531275046743
-0.02198601973615416
-0.01961873763787486
-0.02198882928223167
-0.02206603122124506
-0.01951243193741831
-0.0220794735232388
-0.01988100393606307
-0.02247099891753213
-0.01993211636969011
-0.02240798632770408
-0.02023269066462097
-0.02210476795670857
-0.02280130366433702
-0.02043520664929904
-0.02258323400082918
-0.02018509275566294
-0.02320551514395619
-0.02076379053675387
-0.02292302495759996
-0.02059530913864643
-0.01936170503565382
-0.02325338877102456
-0.02098889504158935
-0.02329715939332139
-0.020897468929233
-0.02365938716403315
-0.02132432457599404
-0.02361730222186847
-0.02129879932481099
-0.02406125082148242
-0.02165871071637115
-0.02393671870459813
-0.02169608706324633
-0.02445928921798429
-0.02199189763526771
-0.02425522868485219
-0.02208962733004516
-0.02234030358972117
-0.02471012299294956
-0.02235641481531003
-0.02361632293468396
-0.02453729158675788
-0.02203949824121954
-0.02461880090688268
-0.02261298847278842
-0.02491354118311806
-0.02247651277934537
-0.02500578204567172
-0.02294015564875368
-0.02522153721359482
-0.02286769423663476
-0.02538929063433643
-0.02326604645641539
-0.02375601901107594
-0.02558790372006486
-0.02312646167671295
-0.02546641907439251
-0.02348312860409685
-0.02588983409396417
-0.0235122413406611
-0.02578233954217135
-0.02386828924287498
-0.02619036569748034
-0.02389519567678755
-0.02609659333809189
-0.02425072609928985
-0.02112495231781342
-0.02635901739303048
-0.02429917193028647
-0.02642221759136465
-0.02422282880226595
-0.02665048201806591
-0.02461333218456596
-0.02679615123909701
-0.02460611454804124
-0.0269420707308915
-0.02492662757559538
-0.02552631496653213
-0.02719508783619956
-0.02503193698025447
-0.02704348622299751
-0.02487464068805623
-0.02755523045637581
-0.02540984229951659
-0.02734820597661863
-0.02517414057041817
-0.02791239714947158
-0.0257490751723855
-0.0266103614707891
-0.0277783442087482
-0.02548828641543566
-0.02792366132016477
-0.02595657793968448
-0.02814925729861528
-0.02578825868550733
-0.02821447922244824
-0.02631507014257212
-0.02498147700121045
-0.02833967585597069
-0.02616459407685517
-0.02850748589525409
-0.02629547455179243
-0.02864110537830139
-0.02652207760625497
-0.02363517299544871
-0.02880990325889876
-0.02667216253637766
-0.0286605717841088
-0.02665536985701977
-0.02909327364566983
-0.02702696188884612
-0.02901709421793791
-0.02695097391075596
-0.02937611083913982
-0.02737854938882039
-0.0293705611545978
-0.02724568242969838
-0.02965827316019742
-0.02772715395885128
-0.02954159996694283
-0.029253224357837
-0.02763068240251132
-0.02981373516712399
-0.02770722011576271
-0.02995565054651561
-0.02798702121821067
-0.026882075459568
-0.0301379956714945
-0.02788950325977674
-0.02998959239287158
-0.02825203367356582
-0.03040865831557371
-0.02817608991419429
-0.03033651528676062
-0.02859931290685969
-0.03067930821017573
-0.02846204997825824
-0.03068014852825884
-0.02894323129292758
-0.02799783612487694
-0.03086950881311168
-0.02887499539760385
-0.03093979480976422
-0.0288685940742831
-0.0311519327451239
-0.02914840106594757
-0.03127239162660067
-0.02920895348701968
-0.02973042422325101
-0.03142461761990623
-0.02928025562444236
-0.03124646465121461
-0.02960999038436346
-0.03175613343108563
-0.02956331708118437
-0.03151532238882604
-0.02994167788247476
-0.03202744924848006
-0.02934063733813641
-0.02991258231835559
-0.03201732286061199
-0.02982805952265788
-0.03207472985767229
-0.03017369896582739
-0.03229020181058584
-0.03016354651993292
-0.03240483477594508
-0.03043472193742819
-0.0325626012703758
-0.03049593053671662
-0.03189714088030282
-0.03264744016445137
-0.03079862328338778
-0.03246655310935942
-0.03074486386627001
-0.03297026677988091
-0.0311266305459571
-0.03272417135055838
-0.03101858981914196
-0.03324710663103575
-0.03137711350217898
-0.03185821040794146
-0.03312563878264507
-0.03118769699445911
-0.03333899445887006
-0.03152858140419407
-0.03344143881154565
-0.03146137530506576
-0.03365452387310119
-0.03178875163442973
-0.0337549816678186
-0.03173411256370579
-0.03396776341791868
-0.03204822766844362
-0.03310566186873842
-0.03395064352592042
-0.03220184014503136
-0.03393889258512178
-0.03226978098280442
-0.03396558786208015
-0.03401485805431054
-0.03237771148564206
-0.0342357938308
-0.03246196044919364
-0.03428264571292772
-0.03267170148181203
-0.03452018139320129
-0.03272383996860107
-0.03386168496771091
-0.03450693344678746
-0.03274933170690075
-0.03461362786875849
-0.03303508681727435
-0.03481776787250218
-0.03306485107202706
-0.03485652290173569
-0.03329411094290469
-0.03512590693422013
-0.03337756171871753
-0.03509933831134959
-0.0335525035472341
-0.03543157371660716
-0.03368767036387948
-0.03462913266602285
-0.03547752627593487
-0.03371962345475904
-0.03548461969825056
-0.03379592074459487
-0.03571770174988753
-0.03398048078856636
-0.03578331798936607
-0.03410109708680559
-0.0327406231707652
-0.03585131386952817
-0.0342902531265652
-0.03584862482365309
-0.03429272616614509
-0.03608726841636284
-0.03454462126679864
-0.03429858563711896
-0.03633470943026829
-0.03449567548810106
-0.03626187556482324
-0.03440889183480955
-0.03662825537298781
-0.03478461069906802
-0.03651246235689726
-0.03464960635324921
-0.0369233035572748
-0.03503660705435313
-0.03680537824044122
-0.03489004982619803
-0.03721611976724287
-0.03420080471263631
-0.03533419644931385
-0.03697726211645058
-0.03527555621653661
-0.03703356142178843
-0.03557742214049842
-0.03720844092796161
-0.03557232919201742
-0.03733040285544803
-0.03582034613851293
-0.03691249686431064
-0.03748361806837097
-0.03576829706061979
-0.03749312982846215
-0.03587959003589997
-0.03771237374580633
-0.03605728509238587
-0.03772491595974781
-0.03618037930386503
-0.03793839669757976
-0.03629919727566583
-0.0380095116633401
-0.03647862907747074
-0.03711174755632207
-0.03806360667825631
-0.03658796375888901
-0.03813970064821287
-0.03659537976861915
-0.03828620548149747
-0.03682522954333545
-0.03842926857322548
-0.03688666086211995
-0.03542139685816004
-0.03863459920175505
-0.03692461530553298
-0.03861946914829434
-0.03691251582527105
-0.03885848482425541
-0.03721028314502822
-0.03885439238934102
-0.03719783040191699
-0.03908155259594503
-0.03746037283869091
-0.03911375160851777
-0.03748505406718072
-0.03928543405372142
-0.03920312744545262
-0.0377444026452543
-0.03910286116381595
-0.03773538318607617
-0.03941965964480293
-0.03797796360377081
-0.03658604743985805
-0.03955910219821968
-0.03792516675053276
-0.03956783691181082
-0.03785966732405477
-0.03983565733477851
-0.03819662194025869
-0.03979568866160371
-0.03808107080782636
-0.04011374295740822
-0.03842794496221574
-0.04006923539475532
-0.03830247358524896
-0.04021153259216259
-0.04015831862400027
-0.03875174239650492
-0.04012937894088359
-0.03861435667834995
-0.04037551969682507
-0.0390245873318889
-0.0393943394479157
-0.04042700918014636
-0.0387570067655133
-0.04068648650911971
-0.03891799571710758
-0.04069572109716724
-0.03898729858953476
-0.04092673948905301
-0.0391751724234351
-0.04096581579536035
-0.03921392062764723
-0.040755370866699
-0.04095566885738822
-0.03961317134291692
-0.04082437843848913
-0.03948639609366572
-0.04121983253650696
-0.03988372574050991
-0.04103710687502388
-0.03971309288473152
-0.04001450858793731
-0.04145545408611584
-0.03975785147196281
-0.04143068600423455
-0.03985355590938566
-0.04167193105123557
-0.03996993670449522
-0.04169676938126227
-0.04012368037114333
-0.04188819685631562
-0.04018204723944885
-0.04196080069672331
-0.04039166947905914
-0.04210416810949419
-0.04039406164152942
-0.04222292823138707
-0.03827897499998745
-0.04076072819054344
-0.04223803002641424
-0.0406375793877552
-0.04205743993332584
-0.04102674486232155
-0.04133269214833035
-0.04248660036358293
-0.04082161884390778
-0.04234948834142338
-0.04091149730558918
-0.04270338442220944
-0.04105632475504695
-0.04258937525076756
-0.04117635965504435
-0.04291712205699172
-0.04126360641964294
-0.0428440870816213
-0.04143944257829363
-0.04313036584589214
-0.04147062382246097
-0.04309724735532283
-0.04027588816943606
-0.04180276122059079
-0.04314448840485102
-0.04169129236391172
-0.04083142860436961
-0.04310950131612873
-0.04168531985483098
-0.04343876378750217
-0.0418373646669547
-0.04335331374823725
-0.04189743079417402
-0.04369152585682046
-0.04204075947730501
-0.04360912580309217
-0.04210940042048439
-0.04391761767384339
-0.04227948727632652
-0.0438656760147989
-0.04231849681546773
-0.04411757878703837
-0.04253173227182588
-0.04332622895008686
-0.04402756596282503
-0.04268396181413592
-0.04395662191854283
-0.04283303051218729
-0.04406125574186692
-0.04412262491258612
-0.04274389595552769
-0.04423521837747252
-0.04288365133431549
-0.04443440051958747
-0.04294238066136141
-0.04448999914378204
-0.04308862680794867
-0.04468054162255963
-0.04314117417834062
-0.04474241847825788
-0.04171343910749137
-0.04333313812795336
-0.04473318495224243
-0.04345754052614714
-0.0446844098723051
-0.04353711584415798
-0.04498239867974296
-0.04370598542127541
-0.04210909669369034
-0.04498663576658851
-0.04366853892284311
-0.04514709935942945
-0.04367326417728878
-0.04517887976712565
-0.04387443246804917
-0.04538719354252485
-0.0439216285251447
-0.04537083947398501
-0.04407987818797571
-0.04562588213582752
-0.04415739135913777
-0.04558294911606509
-0.04353317689666447
-0.04432160787774181
-0.04557340262398812
-0.04442855203280521
-0.04566631517931785
-0.04452342902399897
-0.0441289885770102
-0.04596634232254493
-0.04450986598267637
-0.04590349397000748
-0.04439268398144719
-0.04621047199555167
-0.04470784953315748
-0.04609328757181741
-0.04463183330569737
-0.0464529806216612
-0.04490558526098959
-0.04628294399817462
-0.04486940581871601
-0.04665835550744368
-0.04510873501054191
-0.04649850567399055
-0.04488612814087656
-0.04520149380148075
-0.04654732413865226
-0.04533431931795689
-0.04657426723225983
-0.04543855593246687
-0.04476587249381225
-0.04680344400458475
-0.04545788538301682
-0.04686472857127399
-0.04533337558373807
-0.0470388899615341
-0.04565432807325143
-0.04705100437591181
-0.04556826779193257
-0.04727309406580293
-0.045850283737086
-0.04723693902688769
-0.04580189715740562
-0.04750610971396063
-0.04604572227664755
-0.04739766056468131
-0.0473403138203165
-0.04612571397477361
-0.04716037523271055
-0.0474185528410786
-0.04596437749955001
-0.04755607173671061
-0.04627283815239963
-0.04760896538444187
-0.04620463496617533
-0.04773514497799114
-0.04646405469362569
-0.04783820851714593
-0.0464431118138986
-0.04791427845451818
-0.04665518100793276
-0.04806581464718501
-0.04667993830716322
-0.0480933874411037
-0.04684614174591367
-0.0482919023229787
-0.04691522385296532
-0.0482724028054366
-0.04696166728322115
-0.04717767496157904
-0.04815246039886834
-0.04835013345731926
-0.04698637135551004
-0.04848120129150313
-0.04702999156178728
-0.04852677081958789
-0.04721511356913038
-0.0486638336034389
-0.0472651322620109
-0.04870349239595417
-0.04744213294839378
-0.04884641806551837
-0.04749861499466179
-0.04851361181100433
-0.04880065911066461
-0.04775378598549457
-0.04868061963497627
-0.04887000402605435
-0.04751611777151771
-0.04907811526438827
-0.04765372619362701
-0.04909731125605887
-0.04770066470182183
-0.04925525899980837
-0.0478759775949375
-0.04932324931423443
-0.0478849707477384
-0.04943225195574802
-0.04809690132305205
-0.04953202797326467
-0.04807377352901315
-0.04960574707908461
-0.04832009312233365
-0.04971319723517098
-0.04829965122579338
-0.04977908307448003
-0.04854199631803285
-0.04989406680632558
-0.04852427571558232
-0.0469939678384268
-0.04987433876665376
-0.04884017438325799
-0.04774019067276924
-0.04993339200492763
-0.04865176959686696
-0.05007663175955801
-0.04865528573309763
-0.05015575989222737
-0.04887233426263504
-0.05024776917138712
-0.04883550719524693
-0.05037664031588179
-0.04909138171771682
-0.05041895770564064
-0.04901553764850669
-0.05059615278968244
-0.04930901131485355
-0.05059012711221716
-0.04919533204085708
-0.05081437633367897
-0.04781502378476699
-0.04957812280386353
-0.04995257099962291
-0.05053508610510421
-0.04936427163876766
-0.05069015679153294
-0.0495156797543097
-0.05093495645102131
-0.0495352858510138
-0.05090487151894779
-0.04973324846652616
-0.05111071174099274
-0.04970623003139318
-0.05111836609626724
-0.04994953237732297
-0.05127835037882666
-0.04988588430775448
-0.05133093538389222
-0.05016402423057204
-0.05144636728019225
-0.05006406107589578
-0.05099847758464016
-0.05145059600202989
-0.05026647963873687
-0.04921850147790341
-0.05157888018015233
-0.05021357095786644
-0.05154284902682987
-0.05026151096627463
-0.05174474866775397
-0.05042526812189879
-0.05175966492159961
-0.05043367240632002
-0.05191068804026222
-0.05063549914878002
-0.05197506878086916
-0.0506057680198137
-0.05207662824408066
-0.05084436928335678
-0.0521577038435091
-0.05079875068816908
-0.05223952671185184
-0.05103744367438701
-0.05109554068966959
-0.05003586158771078
-0.0523352115074695
-0.05101967370524402
-0.05219952114388821
-0.0510015754843427
-0.0525272869572192
-0.05119779541241753
-0.05237175302865249
-0.05121280438560144
-0.05268812583328725
-0.05136928986145711
-0.05257957034002353
-0.05142254149701392
-0.05284912871199682
-0.05154064920233054
-0.05278606660773127
-0.05012774419710553
-0.05171058217803176
-0.05282580412209392
-0.05173802017154228
-0.05089922365459021
-0.05280544771696605
-0.05173204403579951
-0.05302273088167048
-0.051782416283296
-0.05299591682296223
-0.05189956038837296
-0.05322605394030039
-0.05194418969434228
-0.05320397037687569
-0.05206721613247817
-0.05342778468821707
-0.0521061620961164
-0.05341051155479049
-0.05223493199882767
-0.05361060793905725
-0.05229429721631024
-0.05361733154017262
-0.05165546703359603
-0.05243398574549324
-0.05360906796619647
-0.05262478261904036
-0.05146338720914301
-0.05361788527730249
-0.05254234438445859
-0.05380768875818487
-0.05253257014561891
-0.05377551853424278
-0.05271088101159543
-0.05400567335814122
-0.05273608617673159
-0.05393294366045726
-0.05287909304074351
-0.05420271904929325
-0.0529357157489464
-0.05410104955697942
-0.05304528048367141
-0.05324974529568038
-0.05433300650388562
-0.05312423054085935
-0.05418932850523644
-0.05310576931899896
-0.05294464081372841
-0.05441589583101558
-0.05323358536602762
-0.05436831947994913
-0.05318616746829213
-0.05461721902985478
-0.05339626745748294
-0.05452370953268215
-0.05338405183007366
-0.05481738816246817
-0.05355881771348198
-0.05467906729383926
-0.05358079918588926
-0.05498900339643703
-0.05372731094342698
-0.05485249526449709
-0.05378086984421615
-0.05514078216634566
-0.0538886953416593
-0.05390650299882527
-0.05514696555672005
-0.05392420479068999
-0.05435958710051914
-0.0550350042326827
-0.05391796106733587
-0.05509803187272144
-0.05407156292655985
-0.05529573510887642
-0.05412149719097298
-0.05524884604914226
-0.05423053273755596
-0.05548801881474635
-0.05428042430161351
-0.05545080771181154
-0.05438793946256471
-0.05568102815654724
-0.05443307082023924
-0.05534321733080727
-0.0556601883753049
-0.05448687554828896
-0.05560109528984158
-0.05467448251206986
-0.05478059584550277
-0.05578001687094897
-0.0547183965106412
-0.05581353810487449
-0.054620988828252
-0.05597189945651582
-0.0549106091256204
-0.05596429606204506
-0.05478026018865734
-0.05616285469719384
-0.05508717430174986
-0.05612345222314874
-0.05494501966205889
-0.05635627455590941
-0.0550527751238068
-0.05527516470446125
-0.05605550337584564
-0.05623341560530942
-0.05514357629626132
-0.05635847900828939
-0.0551122805489761
-0.05638266301664036
-0.05533218033082354
-0.05651297413338735
-0.05529694299169363
-0.0565294927251429
-0.05552229259583596
-0.05666527272598842
-0.05549199936505478
-0.05667638707207823
-0.05571123187517818
-0.05681753726564243
-0.05568591042993926
-0.05682329362746341
-0.05588764418269221
-0.05697499649324134
-0.05588096566169437
-0.05673919872258715
-0.0562441901524684
-0.05698495313786228
-0.0558880467039774
-0.05701523385189411
-0.05586528274645169
-0.05713201059298534
-0.05607394046283393
-0.05720384766640424
-0.05601878957438033
-0.05727898656093705
-0.0562588879306285
-0.05739153897995786
-0.05617210637421199
-0.05742584604382067
-0.05644293542537843
-0.05754484431837525
-0.0563495970229152
-0.05757017201013181
-0.05662869096312534
-0.05769592627545683
-0.05536616425153706
-0.0566530158818902
-0.05756454928071886
-0.05767523698927546
-0.05650842901089315
-0.05771405398493035
-0.05671863255799137
-0.05781722652091076
-0.05665881424201397
-0.05790057212662525
-0.05690419358352561
-0.05795941424465278
-0.05680917790935841
-0.05808595156814472
-0.05708858751382045
-0.0581017301014552
-0.05695946781488576
-0.05827028096015879
-0.05725207620870809
-0.05825342601007583
-0.05711976751915582
-0.05845701985579316
-0.05739977542751223
-0.05742788416851496
-0.05842059309678105
-0.05724194676398875
-0.0584373681295226
-0.05751702766705319
-0.05760814431685368
-0.05853905070852572
-0.05746141368317437
-0.05858540549914376
-0.05751083994271983
-0.05872470213967307
-0.05764334090979323
-0.05872521177992718
-0.05765715008528849
-0.05890898457048716
-0.05782390775254342
-0.05749607548506308
-0.05805008148126412
-0.05888149094599648
-0.05778225246782925
-0.05880316660000656
-0.05781527916989321
-0.05901928486084868
-0.05792835575407768
-0.05898493379735792
-0.05799628775387017
-0.05915734643632847
-0.05807449364472222
-0.05916552579644208
-0.0581760896943212
-0.0592956046370619
-0.05822061540073203
-0.05934503708368016
-0.05835477861171517
-0.05943399403528454
-0.05836667653743333
-0.05952354434858176
-0.0585324304605202
-0.05957245889105206
-0.0585126357726245
-0.058665014981651
-0.05898568438993834
-0.05952096676812146
-0.05853140437948406
-0.05968147423354753
-0.05856980197249673
-0.05970390551017896
-0.05867279238452783
-0.05981879641138815
-0.05874529530422939
-0.05988557357827967
-0.0588143448515786
-0.05995630185176398
-0.05891957466770026
-0.06006607614995046
-0.05895599781722655
-0.06009392733112456
-0.05909274238092022
-0.05929698578918252
-0.06019448222857093
-0.0590978036037999
-0.05995464929506511
-0.06022483922997002
-0.05909391474894471
-0.06014254597710983
-0.05922046181573093
-0.06037826870170093
-0.05925704284735972
-0.06031981001654935
-0.05936178604288517
-0.06051393432774438
-0.05942983488512243
-0.06049609128683781
-0.05950308628653933
-0.06064963339280055
-0.05960168372322483
-0.06067146040201471
-0.05964431657714708
-0.06078532327816893
-0.0597726474179533
-0.06075329425398746
-0.060628597357197
-0.05981479724878719
-0.06090507205944562
-0.05982055516886436
-0.06083133737556246
-0.06080144637901808
-0.05985489141444739
-0.06101394291068368
-0.05995069337441566
-0.06097655919914846
-0.06002815127546762
-0.061145611340507
-0.0600897021988907
-0.06115054285439092
-0.0602002651416218
-0.06127749161055623
-0.06022873797270195
-0.06132348499367213
-0.06037132033831044
-0.06035711764716289
-0.06142834090530569
-0.06037412174396034
-0.06136339480844183
-0.0604215297628567
-0.06156627500195239
-0.06050812351174667
-0.06152982371302018
-0.0605941671935844
-0.0597222042472092
-0.06168588053191304
-0.06062937833805404
-0.06156301852055079
-0.06069976175266872
-0.0618156205924244
-0.06076777923716276
-0.06173232159498065
-0.06087004332563528
-0.06194548020409368
-0.06090610063516771
-0.06057616216946737
-0.06199690344633429
-0.06089628016583748
-0.06194154371746269
-0.06100298916514851
-0.06213233399244522
-0.06106783066209442
-0.06210851011207391
-0.06113310468300193
-0.06121277045731688
-0.06225757947135485
-0.06128151644580454
-0.06214097213544889
-0.06121860358771486
-0.06238469000105662
-0.0614159752128336
-0.06231106383341101
-0.06138698664766373
-0.06251215715267078
-0.06155057207443282
-0.06247996659444971
-0.06155416758344812
-0.06218122979499707
-0.06246650028193113
-0.06252001987334854
-0.06166032138353134
-0.06252307386976991
-0.06154325223857599
-0.06268646412241452
-0.06179541358202595
-0.06265173778556049
-0.06170751934667451
-0.06285211120560136
-0.06193041382001152
-0.06278038973414901
-0.06187099707673244
-0.06301700275639105
-0.0620652949428987
-0.0626935628356442
-0.06293169272742238
-0.06197963996277966
-0.06300057502517892
-0.06211995009676058
-0.06314887336996566
-0.06214287008082053
-0.06313249237237223
-0.06224893324186409
-0.06331297500600502
-0.06069326245611606
-0.062356075705023
-0.06329413475699891
-0.06227196248658562
-0.06325339792071616
-0.06248806657374778
-0.06345481140800729
-0.06243966008141305
-0.06337872513456994
-0.06262014335481519
-0.06361453189514954
-0.06257429461937264
-0.06354281968499065
-0.06275094732338732
-0.06314463066549081
-0.0637210528053353
-0.06272347827807778
-0.06367042709129289
-0.06274336401759562
-0.0638799923613998
-0.06284971567430225
-0.06380006523577419
-0.06290879451583642
-0.06203812507342299
-0.06396299445793868
-0.06303101761835167
-0.06385046294325936
-0.06295389653535566
-0.06410089837434096
-0.06316547159119401
-0.06399371574123341
-0.06311679525666786
-0.06416499807935061
-0.06418290215802414
-0.0632411991568062
-0.06416317850820819
-0.06315028150055169
-0.06434051426339454
-0.06336603160186105
-0.06429274660179018
-0.06331189924814951
-0.06449739219654671
-0.06349084356001955
-0.06442222500045514
-0.06347278925155397
-0.06292205901100534
-0.06451267359268559
-0.06366354386095746
-0.06447719116849071
-0.06358498271219343
-0.06467333642385403
-0.06379201316561955
-0.06459997352302815
-0.06374240507614215
-0.06483319461033282
-0.06392045534512947
-0.06340014919877124
-0.06474440347637439
-0.06384721330455356
-0.06481675180222179
-0.06396576363337392
-0.06496057846504683
-0.06400434301164032
-0.06494246994833519
-0.06408895619051935
-0.064206891596295
-0.06506038357606242
-0.06419266285592551
-0.06500973719443864
-0.06414639773297559
-0.06521907936710786
-0.06434862034196753
-0.06513076112545163
-0.06427320749414839
-0.06537689993496731
-0.06450369420079144
-0.06372565260509866
-0.06532042744004379
-0.06435577103159817
-0.06540998505177753
-0.06454954094201942
-0.06544917271131107
-0.06300948059510603
-0.0645085535159633
-0.06544145735677498
-0.06464835814656605
-0.0655051397244526
-0.06463508450125477
-0.065596724329677
-0.06480340421153957
-0.06562459273858862
-0.06476156524988824
-0.06575124561149948
-0.06495766195574287
-0.06574411558835114
-0.06488796757781068
-0.06431472640854619
-0.06588565892624787
-0.06498609749605577
-0.06589255279529582
-0.06493261465454081
-0.0660086257492486
-0.06513141823353791
-0.06602946316460423
-0.06373893093907324
-0.06514266515177947
-0.06606275044708454
-0.06515171035510869
-0.06607438903466656
-0.06529431824391846
-0.06621952763907824
-0.06527438490409831
-0.06619324808383142
-0.06544508815202005
-0.06637544512806359
-0.06539712712183837
-0.06631219620277873
-0.06559504377109709
-0.06520712012445973
-0.06647103429992524
-0.06553483310278163
-0.06649574852254847
-0.06552829596415599
-0.06659405233492321
-0.06568797013610012
-0.06511797062547942
-0.06655874290419772
-0.06573560354960339
-0.06659143999728767
-0.06575140171788629
-0.06667585806135395
-0.06588577058755385
-0.06674436540656525
-0.06587371349827975
-0.06633249265518337
-0.0668134372223248
-0.06586957820764111
-0.06684019224019849
-0.0660013351206325
-0.06692927364882828
-0.06599109370886053
-0.06698766522212918
-0.06615599269929129
-0.06704520755463178
-0.06611266616531569
-0.06713435944000518
-0.06630398106997681
-0.06717316909658139
-0.06552574570517145
-0.06625847263089402
-0.06716507263340682
-0.06640401525542933
-0.06722118848231007
-0.06637918231081252
-0.06731606928804468
-0.0665538059187944
-0.06733539185849247
-0.0664999258551156
-0.0667263818728534
-0.06746178595631064
-0.06658012746679237
-0.06747856544663822
-0.0665283443217784
-0.06757918059133478
-0.06673394156984197
-0.06759201447627344
-0.06667647308534463
-0.06769669161337821
-0.06686010884458365
-0.06699893189743733
-0.06768247897781166
-0.06685579020021709
-0.06772480371237527
-0.06694526857983074
-0.06783424601925803
-0.06700423538489725
-0.06714490957257713
-0.0679020788602317
-0.06702148550065046
-0.06785818651134023
-0.06706017169822037
-0.06801494660665347
-0.06714001510293843
-0.06800238412171428
-0.06721089662508001
-0.06627639997181678
-0.06807544275718674
-0.06728432474625967
-0.06804615053709079
-0.06728747813742669
-0.06818641665350733
-0.06740204656780785
-0.06819426024267067
-0.06743460683287944
-0.0682976657612826
-0.06751986853582892
-0.06783480358529914
-0.06843298157909489
-0.06750987830114785
-0.06835758321367003
-0.06748347318240677
-0.06857603228432779
-0.06762488626652918
-0.06850185928566849
-0.06759529165961548
-0.06869170408669184
-0.06777373920921476
-0.06689960625235081
-0.06860562785781643
-0.06775310470070772
-0.06863905440687817
-0.06788519788143393
-0.06871670618153347
-0.0678967768265521
-0.06878811667355145
-0.0679997591455076
-0.06882801065826027
-0.06803950343134424
-0.06856779161563686
-0.0689418735478482
-0.06807339555145314
-0.06891272833620365
-0.06805982042196596
-0.0690861118312317
-0.06819044760513104
-0.06905327306007902
-0.06817231519324801
-0.0692296960492384
-0.06737683000104955
-0.0683320493281388
-0.06917217125954117
-0.06831247928625156
-0.06914104257887915
-0.06844648208731113
-0.06928201528436045
-0.06845452474211938
-0.06928632407516622
-0.06856100367176005
-0.0680224701155181
-0.06941091754113909
-0.06854943640199646
-0.0693669062897721
-0.06858478006955993
-0.06952087221124859
-0.06867206809280479
-0.06949288834093292
-0.06873179270550822
-0.06962970502869376
-0.06878580152377917
-0.06963179227025468
-0.06887797976160309
-0.06849502628412552
-0.06968794258895294
-0.06892446217691806
-0.06968219640202228
-0.06894325962460163
-0.06979481365830009
-0.06903749527639286
-0.06982587211825242
-0.06908513060229565
-0.06934250605119452
-0.06996284571457928
-0.0691035409950016
-0.06991231927949665
-0.06908461851311098
-0.07007172139014017
-0.06922631865150797
-0.07003682413043116
-0.06922793820965023
-0.07017932859373699
-0.06933997499869521
-0.07017440403806108
-0.06937058821366915
-0.06919275146256965
-0.07023680286930295
-0.06947825915218941
-0.06917920403865363
-0.07025224884191988
-0.06944792738420535
-0.07026158266746552
-0.06945883552763565
-0.07039318676270534
-0.06958070093945368
-0.07037366326004652
-0.0695660065121283
-0.07053516748986605
-0.0696921236208099
-0.07051101923429681
-0.06967340890813989
-0.0706763103725836
-0.06980368737005044
-0.07064756719259724
-0.06978099173696573
-0.06993908088219314
-0.07070718461366449
-0.06999058169778555
-0.07068651436829354
-0.06989182976242153
-0.07081393702404082
-0.07011641552749898
-0.06933933098005785
-0.07086143133288986
-0.07000990253618866
-0.07088971823992746
-0.07004402408823246
-0.0709956246745847
-0.07015372246654294
-0.07099744850924389
-0.07015138659388209
-0.07112897247315131
-0.07029667210938878
-0.06948425860448193
-0.07109901129591445
-0.07024044193028145
-0.07107737647194906
-0.07045802363551201
-0.07121176417006381
-0.07034244327844513
-0.07122037835224643
-0.07056476738140638
-0.07131568732266225
-0.07047899372751409
-0.07004811300521663
-0.07136696195094233
-0.07053602681296578
-0.07140884404784115
-0.07058901841111154
-0.07150346753613152
-0.07067066920731291
-0.07151792418306185
-0.07069522122723754
-0.07163940174044081
-0.06963106721128831
-0.07085425813926421
-0.07163104809644361
-0.07077102859668166
-0.07155375793358232
-0.07098618016416175
-0.07109671775708026
-0.0717101741020395
-0.0708755548624958
-0.07174962292140158
-0.07088994282174971
-0.07184356617862842
-0.07097938313200569
-0.07185645932797802
-0.07102884330559806
-0.0719648432207633
-0.07110023178615138
-0.07196273527583619
-0.07116767357413273
-0.07206801561442716
-0.071233093934082
-0.07206908649940247
-0.07130581747425557
-0.07066233856335913
-0.07212307853033356
-0.07141282299082274
-0.07210499684714672
-0.07132445084345501
-0.07222634921645832
-0.07154297280261507
-0.07138030926440919
-0.07225431384200143
-0.07145119994069987
-0.07228951885103085
-0.07148172779045558
-0.07238425804341503
-0.07159157711870712
-0.07239319398369354
-0.07158560523574264
-0.07251338019938353
-0.07173110743603456
-0.07249709447122954
-0.07168961141127994
-0.07264176425786473
-0.07178533034942003
-0.07187445893200639
-0.07096091501355506
-0.07258673598752918
-0.07180447271352375
-0.0726267375624971
-0.07180779960644318
-0.07269140389745998
-0.07190639495667628
-0.07275820051245907
-0.07193126703979785
-0.072795280144616
-0.07200912441619139
-0.07288659688501031
-0.07206803862600814
-0.07289928781498534
-0.07211193399596527
-0.07301436199982481
-0.07220413116174984
-0.07300338951432545
-0.07221479179748957
-0.07239654082790992
-0.07309237996529516
-0.0723146862745731
-0.07304396706204752
-0.07233938493553727
-0.07257708637113769
-0.07318327493430943
-0.0723611489706002
-0.07313945822413009
-0.07240432819243847
-0.07328433413432373
-0.07246211707017075
-0.07326745112253913
-0.07254154713248223
-0.07328618422301147
-0.07336120962055598
-0.07256431103825017
-0.07328165864064318
-0.07263453804265402
-0.07345921704581737
-0.07266665549688966
-0.07341621963648454
-0.07276492905806509
-0.07286822828212891
-0.07357307991825351
-0.07277445541788691
-0.07351311726355153
-0.07273890021297147
-0.07367483336949188
-0.07287479569560124
-0.07363965850515197
-0.07287294041910092
-0.07377676415112733
-0.07297526732264414
-0.073765514265969
-0.07300626755078343
-0.07384462698766114
-0.07384633206245783
-0.0730613052957042
-0.07376351239425599
-0.07313522875141037
-0.07396342919240062
-0.07317042769378213
-0.0735798260611249
-0.07394950835841907
-0.07316089209690174
-0.07394573577176411
-0.07324700876654333
-0.07408206654445731
-0.07326229326781258
-0.07407166369179524
-0.07334610444306666
-0.07419788311277126
-0.07337362202343206
-0.07419822569630763
-0.07344415029899237
-0.07429875328855351
-0.07350550028803038
-0.07432403305815499
-0.07354239209167907
-0.07431341634604305
-0.07426385431874832
-0.0735916998049021
-0.0744283029610649
-0.07366569415234508
-0.07407431560048483
-0.0743998181913294
-0.07365595426680632
-0.07443652154326275
-0.07375020623536221
-0.07452868211537977
-0.07375789470053773
-0.07456084966615861
-0.07384863720141066
-0.07465693003266471
-0.07385989920528935
-0.07468459002082201
-0.07394715927071538
-0.07478460393648734
-0.07396193795640649
-0.07480778558830736
-0.07404574091237059
-0.0748694674856436
-0.07470441958566881
-0.07408634416864607
-0.07366124052911616
-0.07489715044888529
-0.07412386990868219
-0.07482466059815945
-0.07408940704135164
-0.07499468217072464
-0.07422058248015112
-0.07494817342853838
-0.07422107506725162
-0.07509247952614628
-0.07431749685175965
-0.07507091430939838
-0.07435195525106286
-0.0751904951021159
-0.07441457148054298
-0.0751929535536266
-0.07448211220692597
-0.07528868313342302
-0.07451176631874767
-0.07476623665110793
-0.07518350475432722
-0.07529970008238057
-0.07454503401316026
-0.0752619463015301
-0.07454012029296314
-0.07542220842150532
-0.07464079188933592
-0.07535922181465066
-0.0746697709110743
-0.07554392242343527
-0.07473677173116411
-0.07545670774507346
-0.07479864878868703
-0.07499714361412924
-0.07559950684602007
-0.07487358293147106
-0.07550115598800072
-0.07483518083325158
-0.07565145671210516
-0.07565537013973062
-0.07493714695399217
-0.07563712658296412
-0.07485671424469958
-0.07577672344444203
-0.07503231044997044
-0.07573491451979841
-0.07498343183246919
-0.07589746199187547
-0.07512759910538153
-0.07583279401556497
-0.0751095356889121
-0.07601763421500163
-0.07522297855632776
-0.07593073432655956
-0.0752350685674496
-0.07552386153384738
-0.07603358710246011
-0.07534876229777615
-0.07598019246864146
-0.0753136620177669
-0.07615909523046804
-0.07544601420281466
-0.07524318768507943
-0.07608959959293632
-0.07539519634509612
-0.0761350744480716
-0.075489317664656
-0.07625867621777893
-0.0755162537657722
-0.07623063322541784
-0.07558358326290754
-0.07638381147606838
-0.07563603755177162
-0.07632251016244779
-0.07567700435526625
-0.07650982692841296
-0.0757317708046642
-0.0759589192809047
-0.07648313865863027
-0.07572685391407225
-0.07643701568049505
-0.07584814431639653
-0.07644668142116018
-0.07643130891552163
-0.07587165771028953
-0.07656058948089156
-0.07586810770142455
-0.07659780900904839
-0.07596781887515669
-0.07668584783981841
-0.07598765135585422
-0.07669388162937463
-0.07606151893135404
-0.07680774307141364
-0.07610598086490794
-0.07678635516168436
-0.07615421028856945
-0.07693061676161711
-0.07620203368640793
-0.07639002184846078
-0.07620650221378611
-0.07690720617708724
-0.07621892964962712
-0.07689990340878988
-0.07614465448611474
-0.07702588910254971
-0.0763106918807947
-0.07699388207492808
-0.07626930298753648
-0.07714386923570349
-0.07640265523760159
-0.07708803019516075
-0.07639326408867447
-0.07726120825689203
-0.07649477902278529
-0.07718231359413302
-0.07651658478713413
-0.07736692026172487
-0.07660131103255524
-0.07727332758451794
-0.07664145739195727
-0.07704325137340717
-0.07730613980551837
-0.07736592380979757
-0.07667068578771274
-0.07735135690602529
-0.07659688629610489
-0.07748044074993105
-0.07678106428737852
-0.07745242417301618
-0.07669298096558869
-0.07759755700456
-0.07687205919807921
-0.07754670296274291
-0.07681413844720497
-0.07771413458838439
-0.07696315526908221
-0.07764103430187286
-0.07687348201918631
-0.07700834784773131
-0.07763189343433591
-0.07707912478223089
-0.07710867095004303
-0.0777125316940257
-0.07708629086793561
-0.07776555318508327
-0.07703739221449163
-0.07782769594721606
-0.07718645557425791
-0.07788275690737301
-0.07712954442861042
-0.07794355187894231
-0.07727673851790151
-0.07798630922581917
-0.07723416861147497
-0.07805985317914987
-0.07736619432856462
-0.07807817490231445
-0.07735565364877706
-0.07701821580728652
-0.07811641112749229
-0.07749169653856619
-0.07807781184602169
-0.07743061445259924
-0.07737922657075025
-0.07818194540575557
-0.07752678507434446
-0.07818907148498583
-0.07748205730584407
-0.07827065655512355
-0.07761626808220146
-0.07830358341772536
-0.07760609478295466
-0.07835975987594157
-0.07770602703864937
-0.07841721805223073
-0.07772926906038524
-0.07844919631381547
-0.07779601136320113
-0.07853007588872801
-0.07785165460240911
-0.07757273085158367
-0.07766390392689537
-0.07852759722770453
-0.07784853514736173
-0.07855202522157623
-0.07780175812857204
-0.07861909903259467
-0.07796726288900896
-0.07864026550604847
-0.07791614823933868
-0.0787106478832536
-0.0780739716810197
-0.07874362839399718
-0.07802308371952882
-0.07880029061634003
-0.07816298594965632
-0.07885603079909215
-0.07814329509526424
-0.07889014401134525
-0.07825215241467026
-0.07840157201969511
-0.07888637109411079
-0.07830216678466823
-0.07758701742321517
-0.07890501687903712
-0.07831255630690348
-0.0789857936176826
-0.07824944972052789
-0.07901820695947037
-0.07840028027989543
-0.0790838818276246
-0.07835472127428822
-0.07913182399366481
-0.07848721425625294
-0.07917287994767958
-0.07847409564609964
-0.07924469371708792
-0.07857440187323939
-0.07926210170716969
-0.07859274601334809
-0.07935688679548303
-0.07858249631463199
-0.07871114004338897
-0.0793208627228551
-0.07871226085412297
-0.07796874223869033
-0.07934617068349992
-0.07873819711727464
-0.07940118548572089
-0.07869287521381485
-0.07945658186711568
-0.07884547716299467
-0.07950253737789342
-0.0787828252616779
-0.07956790081694037
-0.07893277695274742
-0.07960940529386784
-0.07887645227530177
-0.07967984256701699
-0.07901917149450266
-0.07954008750945274
-0.07950970269990598
-0.07906337631656712
-0.07968951142066871
-0.07913008315409215
-0.07923832203572534
-0.07967755511729524
-0.07913832149989081
-0.07978515397807062
-0.07912098738074813
-0.07978814522250621
-0.0792318675826103
-0.0798995260123101
-0.07920844090359191
-0.07989937860228857
-0.07931764075063436
-0.08001621467297193
-0.07929621167579676
-0.07984910123963562
-0.0800087657273777
-0.07935649883270812
-0.07999811608696378
-0.07940549089142085
-0.07954012685370326
-0.08012292670799637
-0.07946195807082912
-0.08003276434296075
-0.07940123635475438
-0.08021032034218539
-0.07955585393305192
-0.08013291154623198
-0.07952118464221575
-0.08029469707853748
-0.07964112860091249
-0.08024262426314982
-0.07964018236408782
-0.08037948425056152
-0.07972669695226275
-0.08035145991649678
-0.07975832046688713
-0.08033641995069996
-0.0800634943713332
-0.08043775751871834
-0.07978548936313795
-0.08035906576441676
-0.07972790797065094
-0.08054150748528882
-0.07986932598980834
-0.08048144711088534
-0.07981239811233398
-0.08062897611406683
-0.07998291865883123
-0.0805904928954953
-0.07989704421347427
-0.08071655238733805
-0.08007666519664752
-0.0806643453190562
-0.08003686709694796
-0.08080183728134932
-0.08016149370716241
-0.08050038517828728
-0.08073695522876956
-0.08022073125204643
-0.08051283202451298
-0.08072313953231863
-0.08021538425231828
-0.0808443077549732
-0.08018941503276417
-0.08081640118788297
-0.08030550933003822
-0.0809579161563983
-0.08027416972045565
-0.08092520009815291
-0.08038894906303373
-0.08107180603526348
-0.08035487216994197
-0.08103431290414914
-0.08047171120621854
-0.0811564886789139
-0.08046961162524729
-0.08114264979294933
-0.08055476385429639
-0.08124143214187407
-0.08053592828420797
-0.08065151443318513
-0.08081954386315982
-0.08125099531140811
-0.08061181358791458
-0.08116276982523662
-0.08058777550478208
-0.08133595946834082
-0.08070441991729627
-0.08125903510127686
-0.08070526035879727
-0.0814178356417567
-0.08078760011136504
-0.08136569892042916
-0.08082183938468712
-0.08150011767363941
-0.08087105764932301
-0.08147154348087593
-0.08029733238892334
-0.08093921831246659
-0.08152056006232755
-0.08099227853622465
-0.08146692972627384
-0.08105002121443089
-0.08111789167530681
-0.08165892009750414
-0.08104379205239992
-0.08160090151744476
-0.08095239359816747
-0.08174394635181209
-0.08112865261945246
-0.08167124581500546
-0.08109825486342992
-0.08182657447028019
-0.08121125936456808
-0.08177666260471017
-0.08121193768580792
-0.08190947539803362
-0.08129406489773938
-0.08187346666245077
-0.08184729182460138
-0.0813917351755426
-0.08181253150428214
-0.08139110619249723
-0.0815040719994844
-0.08197272085636587
-0.08140566625854939
-0.08196904880291739
-0.08137463186242921
-0.08207825715774042
-0.08148722651338258
-0.08205140936052452
-0.08148732692068095
-0.08218305701876272
-0.08156904959334588
-0.0821340342435854
-0.08159930965446649
-0.08228720013973889
-0.08123122611704048
-0.08169753147371778
-0.0821886365181142
-0.08171145740510199
-0.08092869749153042
-0.08227589707331578
-0.08173603774439808
-0.08228578216489069
-0.08165930675517957
-0.08237798556357778
-0.0818233822021539
-0.08237443799493221
-0.08175806158903831
-0.08248240071868507
-0.08190442116388846
-0.08245733955065115
-0.08186798563350955
-0.08258624597149555
-0.0819856381611947
-0.08254039815967046
-0.08197734228919951
-0.08268957147271822
-0.08206699883394608
-0.08249141697232787
-0.08244671680180177
-0.0821520569899768
-0.08143717167597675
-0.08263434429968014
-0.08213249841907777
-0.08269738217720035
-0.08209209796508726
-0.0827141508267113
-0.08221343111137125
-0.08280007732494377
-0.08220440304360299
-0.08279430229991369
-0.08229459567249442
-0.08290206768458352
-0.08231599109977283
-0.0828747474539977
-0.08237594930509073
-0.08300343129206972
-0.08215925253688994
-0.08242821759640684
-0.08292725923552058
-0.08250275434478527
-0.08295663350869376
-0.08253687172597302
-0.08173435033667165
-0.08302868369840122
-0.08253128946251476
-0.08312525226896161
-0.08245563578484855
-0.08311164370833513
-0.08262620282268129
-0.08319405351188602
-0.08258197259553218
-0.0831922549998953
-0.08270661605333507
-0.08329528923406826
-0.08269110099307775
-0.08327306443095261
-0.08195117534156893
-0.08279917985860741
-0.08327025330678062
-0.08283363091452639
-0.08330522667555446
-0.08287821143693747
-0.08335118950495063
-0.08294157062610985
-0.08204358188069882
-0.08344128571247761
-0.08291942954948633
-0.08345031943365461
-0.0828798587830904
-0.08354413775362468
-0.08299769671721452
-0.08353021255620291
-0.08298850584876249
-0.08364630194575395
-0.08307622724855851
-0.08361034515203281
-0.08309648934347336
-0.08374784690229203
-0.08260390077627822
-0.08319932603991664
-0.08366364551924682
-0.0832040419938303
-0.08370318107677543
-0.08327810356075421
-0.08325158337391514
-0.08381044312320102
-0.08326887910845299
-0.08382723346211252
-0.08321228917223256
-0.0838915156462785
-0.08337403590867559
-0.08392826548346694
-0.08329071592642634
-0.0839727027331294
-0.08245910121576827
-0.08346879995088746
-0.08396479365684451
-0.08348712770870609
-0.08348573324800412
-0.0839000073145062
-0.08348174396065511
-0.08406246465978678
-0.08343148761954483
-0.08403858884305621
-0.08358886139136901
-0.0841455893363926
-0.08350394972415898
-0.08414107355242983
-0.08366514156972682
-0.08422373366353963
-0.08361155267517556
-0.08424270714719018
-0.08374178086164652
-0.08430220094469187
-0.08371835908322833
-0.08434358527548108
-0.08381872794930978
-0.0842062397503307
-0.08421107068790556
-0.08388795735250038
-0.08375203222875616
-0.08439143477462374
-0.08388001334863221
-0.08435090059422334
-0.08383113609865739
-0.08446698274116626
-0.08395692828388329
-0.08445094978132106
-0.08394040261762875
-0.08454299105819052
-0.08403417124245416
-0.08455012503807463
-0.08404882363390409
-0.08461939724798834
-0.0841116896229413
-0.08464853651124959
-0.08415648764404227
-0.0842241522247571
-0.08466917478883773
-0.08423352092083114
-0.08460405326635806
-0.08426279991958935
-0.08397600629872581
-0.08476622776603193
-0.08425686160258949
-0.08476775826039462
-0.08418678945474839
-0.0848453867180321
-0.08435085510099938
-0.08483311277703653
-0.08430724566918874
-0.08492226788589535
-0.08442770868444938
-0.08493105995029648
-0.08441291534482603
-0.08499940949946766
-0.08368863056010234
-0.08451601316667989
-0.08499672011053777
-0.08454946174464134
-0.08494195985920905
-0.0845915628238374
-0.08507408880992079
-0.0846539151804091
-0.08423882758376244
-0.08507276561996518
-0.0846306263460837
-0.08516923547628047
-0.0845948103349331
-0.08517217334593769
-0.0847055325441986
-0.08524566584510657
-0.08469990483367895
-0.08527085779868648
-0.08478073821269905
-0.08532237160516831
-0.08480430833374503
-0.08536889684965698
-0.08462727252767355
-0.08489882720725334
-0.08537357928863221
-0.0849077231718412
-0.08532635362711033
-0.08497432876306532
-0.08545180574405931
-0.08500929118203371
-0.08447260877008134
-0.08545650020120438
-0.08501342045822968
-0.08554763095403295
-0.08494885056549306
-0.0855548248349306
-0.08508798197272266
-0.08562469378063159
-0.08431109653154678
-0.08511270250873504
-0.08561635482197438
-0.08518361825717385
-0.08553199676911627
-0.08521738743543095
-0.08569166844073195
-0.08525901494431609
-0.08562817312414023
-0.08532143471156695
-0.08576724037698358
-0.0853346001791222
-0.08569256492239674
-0.08574525207482259
-0.08534793655641654
-0.08589662750249744
-0.08533495053715218
-0.08582444991454902
-0.08542385661758389
-0.08598506528183092
-0.08539616410428508
-0.08546923548320107
-0.0859067001230962
-0.08550866716565581
-0.08589684985546081
-0.08557230343907413
-0.08575831019307856
-0.08603351895477057
-0.08554735107348582
-0.08598961599654048
-0.08551552233611259
-0.08612998142745532
-0.0856212615966549
-0.08606390715755857
-0.08561920449500177
-0.08621860447545371
-0.08570381242005842
-0.08613705351757928
-0.08572457326190519
-0.08629140533599033
-0.08577788500843325
-0.08623263042608298
-0.08582909356717588
-0.08614720341359927
-0.08627739958485137
-0.08588621009915942
-0.08626105290079933
-0.0859292965036621
-0.08596192310149142
-0.08640342641138515
-0.08592518944109928
-0.08635484662467613
-0.08587091568000038
-0.08649851297013067
-0.08599899921747217
-0.08643007559085791
-0.08597170950022609
-0.08658358769907004
-0.08608158414023759
-0.08650607207284744
-0.08607438499483933
-0.08665715738734742
-0.0852858965829455
-0.08616575942059718
-0.08657073404182541
-0.08623596487282009
-0.08656968854080627
-0.08624061153988138
-0.08666312104461577
-0.08633767900245354
-0.0863354527968232
-0.08666210763554133
-0.08628028666584014
-0.08678498736983647
-0.08628304688930483
-0.08673475629963834
-0.08635435285025322
-0.08687782099687524
-0.08638559193748774
-0.08680769816099765
-0.08642860112985246
-0.08696546991743909
-0.0864567568456408
-0.08691811539073607
-0.0865003197072774
-0.08686487352751016
-0.08687844248823889
-0.0866177327090038
-0.08698196747998099
-0.08658397218329744
-0.08695189608576359
-0.08671843829041248
-0.08654635270664635
-0.08710499645389469
-0.08662187190039949
-0.08704253010121832
-0.08666306083668579
-0.08719382185080887
-0.08670306481310902
-0.08711090337692107
-0.08676696472103074
-0.08704684919617733
-0.08715767480895736
-0.0868076409448264
-0.08716240293904759
-0.08686580744457489
-0.0872505536636371
-0.08688034898266672
-0.08723655650996054
-0.08696431612021149
-0.08734302156856172
-0.08695317087210735
-0.08731081252080203
-0.08706239929296328
-0.08673448443970422
-0.08746561140952996
-0.08699096559261338
-0.0874021020713403
-0.08700575115809966
-0.0875521957413577
-0.08707188262301602
-0.08747225112510154
-0.08710725307942208
-0.08762337909493123
-0.08634706193044561
-0.08715365218130555
-0.08753606069004227
-0.08726640668148405
-0.08753684953667457
-0.08722654336619257
-0.08762677357038068
-0.08736682665225209
-0.08760863973275879
-0.08729958079242456
-0.08764721513469631
-0.0877377969763069
-0.08731208091703591
-0.0877455653975216
-0.0873512283211903
-0.08783092623874755
-0.0873828248517674
-0.08781678608868959
-0.08745106623145033
-0.087923305553192
-0.08667558588494106
-0.08749450249258967
-0.08786448503891359
-0.08754916693946546
-0.08774271744054296
-0.08791315375171732
-0.08753087047198238
-0.08795427146876605
-0.08749341099507646
-0.08800605997109662
-0.08760110423641121
-0.08802599003132966
-0.08759161602809701
-0.08809831788923783
-0.08767161750005653
-0.08809796274705367
-0.08765361306605968
-0.08774680197193202
-0.08809009552131691
-0.08776142533094977
-0.08807592691451749
-0.08784646093148568
-0.08816044062806655
-0.08783283264909592
-0.08816609970222111
-0.0879454720796003
-0.08806645681399417
-0.08824906830106116
-0.08787022391976729
-0.08828390650275447
-0.08789317185926587
-0.08831839494019511
-0.0879410506771604
-0.08837433109894977
-0.08799286953648711
-0.0883880942058296
-0.08801212966147093
-0.08846409650956061
-0.08809189832536179
-0.08845811379933805
-0.08808341742993264
-0.08822130976177966
-0.08845549567823308
-0.08821796511406421
-0.08847369179297776
-0.08816312591897507
-0.08852576441225157
-0.08831348486176832
-0.08853047087981175
-0.08827042334960372
-0.08818192408160908
-0.08861183611791756
-0.08826428721908192
-0.08868282601279615
-0.08826896172960397
-0.0886813196024584
-0.08836270158092391
-0.08877333358746747
-0.08755874821388598
-0.088378020655906
-0.08872797063105331
-0.08845900302455012
-0.08873437562288716
-0.08844767266471915
-0.08879911905894783
-0.08855454793888135
-0.08882414769313485
-0.08851749787153151
-0.08887042137048828
-0.0886496224528997
-0.08838229635826966
-0.08894249487213374
-0.08855339599273232
-0.08895845702960392
-0.08859502785047163
-0.08903273287914071
-0.08862239895451723
-0.08902866935731263
-0.0886310905297476
-0.08874739031751927
-0.08902069841570015
-0.0887109074876925
-0.08900973562229902
-0.08884554154452606
-0.08908919084612948
-0.08878078991290422
-0.08909794089077394
-0.08892053159890229
-0.08916346186934571
-0.08886607774941235
-0.08918836111037531
-0.08898866870754518
-0.08911339710920885
-0.08928999936913756
-0.08892680041332662
-0.08929914098499631
-0.08892913855840268
-0.08935845411276383
-0.08902359063581872
-0.08938871614698474
-0.08839346100075129
-0.08903664712728504
-0.08940068859862466
-0.08914508064592497
-0.08932558002742735
-0.08910755799181158
-0.08927187576919859
-0.08949224624580038
-0.08906353852162091
-0.08946568540055078
-0.08914141110073326
-0.08956106360468608
-0.08915893026173138
-0.08955535391074004
-0.089209043425304
-0.0896301809157698
-0.08894866868661744
-0.08930927166551583
-0.08961634777153732
-0.08928667123589179
-0.08954893725069174
-0.08940365717488746
-0.0896916711252842
-0.08936411893846558
-0.08962155919866877
-0.08949988222474203
-0.08961206685774403
-0.08977705280338399
-0.08939963822244529
-0.08973537090455852
-0.08944961564153553
-0.08984352558114223
-0.08946767001228384
-0.08982324305564826
-0.08954644418704938
-0.08991041770221614
-0.08953599474085749
-0.08991039718961169
-0.08964256167399054
-0.08997767279392588
-0.08940701551256236
-0.08961361612063784
-0.08996976586236244
-0.08975067649421919
-0.08990067824593212
-0.08971858291535467
-0.09004216593741721
-0.089826924699421
-0.08997418729054002
-0.08981626098620271
-0.08969177709440057
-0.09012524604030664
-0.08980998820607761
-0.09012213777786754
-0.08978308132580426
-0.09019209912675236
-0.08990543293876974
-0.09020991979914283
-0.08920637945114418
-0.08988816032780655
-0.0902219069149488
-0.09002461875494111
-0.09016440429275763
-0.08995140237672555
-0.09030511319870277
-0.09009166572989541
-0.09025863964070924
-0.09002326085018403
-0.0903738302972667
-0.09016818402828053
-0.090313907372219
-0.09013864504108587
-0.0898005701787703
-0.09045787215699491
-0.09013259567709964
-0.09045935601692962
-0.09012470481534368
-0.09052561303695178
-0.08985772142829251
-0.09027814353450397
-0.09048660083697491
-0.09023603033239597
-0.0904432175868809
-0.0903461512403495
-0.09057125647065573
-0.09033143493458518
-0.09050908420826942
-0.09041435134348874
-0.0906544301619292
-0.09039637493180008
-0.09060789613680381
-0.09047997245062844
-0.09072061335484227
-0.09049039437975753
-0.08993282880496256
-0.09072096716007838
-0.09051312852566967
-0.09080327292435997
-0.09044013257415845
-0.09080868182114737
-0.08986115407484174
-0.09060769348302483
-0.09084089155793829
-0.09054865335808582
-0.09077047121851117
-0.09068310776348526
-0.09090507424876071
-0.09065353258977848
-0.09083621382868462
-0.09075131538723596
-0.09098117181683529
-0.09071772150753993
-0.09094009021103988
-0.09081686391931315
-0.09104828555421934
-0.09043594655844611
-0.09086292043474803
-0.08985418885309482
-0.09102574468392477
-0.09085912082603814
-0.09098553874540016
-0.09081191260260912
-0.09111123018742773
-0.0909249579762158
-0.09105160813168572
-0.09090444654996366
-0.09118947180085296
-0.09100026979548959
-0.09111503032209156
-0.09099894796397739
-0.09125384138015907
-0.09106612206735293
-0.09119991433772656
-0.09109272160337523
-0.09131859692729238
-0.09113224259735347
-0.09076155846409684
-0.09130378827621938
-0.09114355629777776
-0.09143659002419191
-0.09086779026021752
-0.09110650810522242
-0.09134444492716443
-0.09124339101440104
-0.09142807767046657
-0.09117201077912496
-0.09141246132620201
-0.09131351186402326
-0.09148276566236369
-0.09128652639637158
-0.09093509400561484
-0.09149558404806712
-0.09128110390853011
-0.09162213124682222
-0.0912722556996764
-0.09156240459707798
-0.09075852109528793
-0.09142168908869241
-0.09156032172384193
-0.09135019637971836
-0.09160320253060983
-0.0914857691247023
-0.09162499031848259
-0.0914420599152192
-0.09168817956704306
-0.09155019531252717
-0.09168999640529168
-0.09153323719124118
-0.09177251861025104
-0.09161491342297623
-0.09175529144758865
-0.09162380282686855
-0.09108184334951908
-0.09188208496221184
-0.0916466101950717
-0.09183127632517024
-0.09158260310236954
-0.09196393669608932
-0.09171368608000197
-0.09190159048775021
-0.09075312828991677
-0.09171824097367476
-0.09189396649788656
-0.09179553638833354
-0.09194177767589456
-0.09181174705895528
-0.09195662485073042
-0.09186065183167147
-0.092024452905275
-0.0919045074976097
-0.09201970027688056
-0.0919260353043434
-0.09210646514214965
-0.09199660180546398
-0.0912872573415342
-0.09210025444674363
-0.09195992323749713
-0.09221206498220935
-0.09156310649460409
-0.09194824702605292
-0.09214123763382226
-0.09206105761673
-0.09217641916678437
-0.09203950967109442
-0.09220488578627467
-0.09212593857736673
-0.0922583789543201
-0.09213019168128944
-0.0922688209280248
-0.09219100767214172
-0.09233985090520946
-0.09222035090272018
-0.09233299760111663
-0.09225622900695485
-0.09242089233662376
-0.09231002985467174
-0.09134925452273368
-0.09241446471244819
-0.09152731083218857
-0.09229807171668764
-0.09241275687871059
-0.09228403756444908
-0.09245583494361692
-0.09236067005732468
-0.09247578481181867
-0.09237469767184425
-0.09253938141566004
-0.09242363159777273
-0.09253917169918036
-0.09246465283865141
-0.09262227178612736
-0.09248690351031169
-0.09260286481899854
-0.09255398459353581
-0.09267504423418327
-0.09272927439571516
-0.09251880707923582
-0.09268256853689921
-0.09250555087407836
-0.09281244317223791
-0.09178364540490591
-0.09261708231512711
-0.09272517905116973
-0.09259268688758959
-0.09277802898726412
-0.09267988922328252
-0.09278938617312371
-0.09268058270387569
-0.09286041923815197
-0.09274291502048415
-0.09285378832973179
-0.0927679981903673
-0.09294236713470744
-0.09280612548236167
-0.09291835241692353
-0.09206032234821926
-0.09290613403632397
-0.09256451582377956
-0.09292775972141271
-0.09285591063460957
-0.09294458202367378
-0.09285970120251913
-0.09298889628712981
-0.09291884571629594
-0.0930261509075887
-0.09295036316418742
-0.09305045421309627
-0.09298207235956807
-0.09310705656220464
-0.09304035888628837
-0.09311237303428549
-0.09304554274049792
-0.09318738610168814
-0.0931297541871044
-0.093174603535566
-0.09310921595844285
-0.09274203333382225
-0.09317634783026207
-0.09322633299284644
-0.09313615812598247
-0.0931833329576971
-0.09316874863217323
-0.09328578712442842
-0.09319820165460257
-0.09326531298819352
-0.09326010349808767
-0.09334581442332957
-0.09326064121865796
-0.09334636602607199
-0.09335059297647802
-0.09340634199659459
-0.09332341961926199
-0.09338475830974957
-0.09344936732021808
-0.09330611373550562
-0.09348264636075632
-0.09335467282802284
-0.09353034714268077
-0.0929510390081898
-0.09339460617084655
-0.09352236200637598
-0.09345233010172022
-0.09349628177354108
-0.09348326743543522
-0.09358378438889542
-0.0935148846914256
-0.09357607627700082
-0.0935713215912477
-0.09364552326481324
-0.09357765969565018
-0.09365534591924313
-0.09365883007647657
-0.09352644717533387
-0.09372441124687375
-0.09343537136526869
-0.09361729112579281
-0.09372277745874341
-0.09363251165029007
-0.09369031244843518
-0.09367748644759066
-0.09378354281043938
-0.0937209933283541
-0.09377200466043101
-0.09373810360502011
-0.09384471220252888
-0.09380870812426051
-0.09385297560582917
-0.09379907941328364
-0.09390622696850892
-0.09389575078093482
-0.09393332034233542
-0.09386035801404446
-0.09396803443730312
-0.09398220038214666
-0.09360213493297653
-0.09403684713812993
-0.09389104942189502
-0.09404562997631438
-0.09340397124489197
-0.09398499788954223
-0.0940380130200712
-0.09396879107783712
-0.09401521982392458
-0.09407506589269926
-0.09409687703506225
-0.09403038936863706
-0.0940943813347252
-0.09415443002852203
-0.09416183612540863
-0.09409473684882985
-0.09417576221379226
-0.09421431682829573
-0.09422121961793922
-0.09418344742485396
-0.09425625185883202
-0.09383488749216351
-0.09430912896302202
-0.09421996961180223
-0.0942862142619682
-0.09426263306202742
-0.09424083507551562
-0.09425874904204851
-0.09436296153460372
-0.09434909381353462
-0.09430175339480523
-0.09432149036601906
-0.09443499566443903
-0.09440855720863806
-0.0942316828572185
-0.09441891126221696
-0.09435109155774668
-0.09451163700725823
-0.09436190516318693
-0.09449958941438158
-0.09441057790456936
-0.09457168822984935
-0.09355385778126912
-0.09449765337307792
-0.09455525960724731
-0.09447794621165817
-0.09449742254855753
-0.09458367847409616
-0.09462460005706158
-0.09454752052752946
-0.09455781838677541
-0.09467013341145031
-0.09468053605359861
-0.09463266905230727
-0.09461492298101132
-0.09473193982538564
-0.09474701353840886
-0.09469146784433397
-0.09422941954393949
-0.09473659797902356
-0.09471568349997461
-0.09481626857885761
-0.09469930242409036
-0.09481444180520099
-0.094239396682962
-0.09480042822859164
-0.09485485658648574
-0.09478510641102933
-0.09479087081724769
-0.09488346187333652
-0.09491738315248205
-0.09485547819476847
-0.09485760846123548
-0.09496862447071724
-0.09497746081956565
-0.09491646901985545
-0.09493430481717674
-0.0950383388033107
-0.09504328164279852
-0.09399255482686453
-0.09503394807877713
-0.09408292789063211
-0.09501210383997349
-0.09505642174248546
-0.094979671143327
-0.09501445161672484
-0.09508769985838161
-0.09513583681756843
-0.09504479686458484
-0.0950747477257744
-0.09516577225818434
-0.09519535220613851
-0.095103921418352
-0.09516012519505312
-0.0952292815932948
-0.09526383995861415
-0.09516828259140575
-0.09524738821075457
-0.09528681436363068
-0.09528485954371124
-0.09533026453914833
-0.09522250534152038
-0.09538202183538708
-0.09419845436272745
-0.09522870296373431
-0.09536139511683478
-0.09531877651197085
-0.09533989344076305
-0.09528533378336501
-0.0954217065571436
-0.09539487524714763
-0.09542734324966134
-0.09534245013379322
-0.09548230556499959
-0.09547029088668751
-0.09551410416846529
-0.09539998398863175
-0.09554314282555348
-0.09553038712336059
-0.09557139175987617
-0.09550337412766258
-0.09508654908289671
-0.0954603597689081
-0.09559057302151464
-0.09556665866025754
-0.09553445121517623
-0.09551642351136508
-0.09566449693081358
-0.0956122229473465
-0.0956343974800648
-0.09557434970105189
-0.0957247331258454
-0.09568726493121804
-0.09571943215033202
-0.095632584575573
-0.09578515168695806
-0.09576184985041503
-0.09580395713272893
-0.09569108369827128
-0.09574927471055261
-0.09585223638583312
-0.09568995148894882
-0.09590853524802112
-0.0953556547923462
-0.09579183653585382
-0.09588118846555876
-0.09576370622422437
-0.09586425480673866
-0.09586932579368285
-0.09593917043910999
-0.09582116555586728
-0.09594916524911579
-0.09594438389965476
-0.09600668161218578
-0.09587116656307593
-0.09603603053860715
-0.09600020771218476
-0.09606504295075902
-0.09594778270741339
-0.09612202074849607
-0.09605656152583175
-0.09581983609347056
-0.09613012633253698
-0.09600103922253078
-0.09624864423681168
-0.09520723384085894
-0.09603874392854417
-0.09615600178417077
-0.09609701782664798
-0.09619727185912519
-0.09609491126434921
-0.09624148331977062
-0.09617361186363488
-0.09625510110297686
-0.09615157199844548
-0.09632611743991226
-0.09613710213120719
-0.09627027369158875
-0.09566133084249806
-0.0963168259836869
-0.09620607907040885
-0.09627932755000029
-0.09623983948421139
-0.09637407638377066
-0.09626316960074693
-0.09636299305660945
-0.09631600796569162
-0.09643170146476177
-0.09632064171985372
-0.0964459712551306
-0.09639154028540786
-0.09648964423763301
-0.09637843821322711
-0.09652834764699203
-0.09646652295327957
-0.09654785211109279
-0.09643650921613245
-0.09661019130236925
-0.09608468839233275
-0.09656261261603455
-0.09657682507901233
-0.09650997248087312
-0.0956077432961937
-0.09661281470455041
-0.09650266147864106
-0.09665021331810181
-0.09654108076804324
-0.09669843118200061
-0.0965576660937954
-0.09670866348756918
-0.09661509015418601
-0.09678327256225855
-0.09661315732998943
-0.0967674101673352
-0.09668841829291097
-0.09686743422862654
-0.09666906560580607
-0.09682640088919076
-0.09676116849588157
-0.09639296276116127
-0.09694740746629243
-0.0958696255742133
-0.09672388353172756
-0.09688878503140452
-0.09674795253167939
-0.09690489802739544
-0.09677984296759973
-0.09694693013957451
-0.09682149745848029
-0.09698790029237231
-0.09683616366520403
-0.09700530565846005
-0.09689451999130611
-0.0970703493743017
-0.09689279174739163
-0.09706386867016692
-0.09696709233134676
-0.09709863716753997
-0.09718596178386513
-0.09682784536174055
-0.09713371675058635
-0.09694555920065273
-0.0969644767784183
-0.09712706266362453
-0.09699949568330479
-0.09715437149344486
-0.09702004896076283
-0.0972100178242935
-0.09707478841888129
-0.09721063968998955
-0.09707604759664173
-0.09729222753142036
-0.09714938295446157
-0.09726726797423219
-0.09713241270577883
-0.09737378462678886
-0.09722337585380059
-0.09732419917694751
-0.09718908809796772
-0.09714751919532105
-0.0974546003154077
-0.09718756919173677
-0.09743535454469215
-0.09694895143889148
-0.09722411326552299
-0.09746055093045197
-0.09725092945092761
-0.09742330269335508
-0.09729745666697021
-0.09753818511625112
-0.09731077655835702
-0.0974797688453739
-0.09737320443937975
-0.09759351808852168
-0.09736473846273125
-0.09756366568691788
-0.09744797480734924
-0.09682695821271015
-0.09768110831373095
-0.09740240326960448
-0.09764180998743138
-0.09741779129492417
-0.09773702214172858
-0.09739405401436407
-0.09750688834382765
-0.0976911299024073
-0.09751053379769287
-0.09768798270287682
-0.09756261131282129
-0.09777184062920141
-0.09758429911366862
-0.09774399068505851
-0.09761868457555067
-0.09785191814012184
-0.09763424386451014
-0.0976779965529026
-0.09777144968483625
-0.09769009539996143
-0.09704627932793386
-0.09785445208526289
-0.09768288690395449
-0.0978419474624671
-0.09765774314929021
-0.097938238414638
-0.09773599305642522
-0.09789842703132973
-0.09773033366740747
-0.09801209728296284
-0.09779509212491366
-0.09795703507780457
-0.09780521281670096
-0.0980668368017199
-0.09784885239098107
-0.09803938532899387
-0.0978791341212279
-0.09812205571510368
-0.097903120341849
-0.09797779889192881
-0.09816587597893123
-0.09739456129602253
-0.09791224963470235
-0.09815944092644391
-0.09791059209191649
-0.09809651755911547
-0.09796582905864265
-0.09821864870329217
-0.097950535565139
-0.0982096282734472
-0.09801721174775613
-0.09827473618534049
-0.09802291893494114
-0.09829369676858579
-0.09806925897001556
-0.09833122136262623
-0.09809437563863155
-0.09773423119015945
-0.09837256379083809
-0.09810503137172533
-0.0984192855704682
-0.09806291696374009
-0.09840848671914326
-0.09833102837964147
-0.09817532684712904
-0.09844664522399948
-0.09815361134452749
-0.0984135548058569
-0.09822817892927876
-0.0985027611157257
-0.09822486056145907
-0.09849534038328367
-0.09828150303395711
-0.09855916866040076
-0.09829547069313099
-0.09857647343212333
-0.09833523210522316
-0.09849121485015733
-0.09862105376694508
-0.0983342988249688
-0.09867382372066658
-0.09830514239611604
-0.0985070156049872
-0.09864731768285201
-0.09840459267812152
-0.09863116706263286
-0.09839778322668513
-0.0987012390715255
-0.09845738013096117
-0.09871273093897459
-0.09847059209958603
-0.09875563591795394
-0.09851066883035264
-0.09879346845452852
-0.09854262763696114
-0.09863960000058736
-0.0988411410644125
-0.09854841004783549
-0.09886811060941025
-0.0985123960067219
-0.09889598190567461
-0.09860355011700583
-0.09894604923401318
-0.09816447665070616
-0.09860331668005523
-0.09892272805593394
-0.09867372764767629
-0.09890366638487752
-0.098675670878549
-0.09897690210627985
-0.09872784983460786
-0.09898259213169425
-0.09874741120484393
-0.09903140277848105
-0.098782293247409
-0.09864112447742102
-0.09910492237832857
-0.09877504104682505
-0.09910159251629286
-0.09872636523478995
-0.09918586413173131
-0.09882748517996348
-0.09915707438550242
-0.09879626343907233
-0.09926613741082363
-0.09817736115576725
-0.09889647671164747
-0.09918487768029804
-0.09888336184424562
-0.09922746439835606
-0.09894790725133329
-0.09923990800026722
-0.0989536403536263
-0.09930857760182626
-0.09899985647991849
-0.0992952619309076
-0.09902322598654367
-0.09897582449006848
-0.09938412714308725
-0.09903609594043539
-0.0993809044008061
-0.09899216829443591
-0.09946246703117551
-0.09908996541948106
-0.09925657477831518
-0.09940839931201423
-0.09907957141003626
-0.09942231883165226
-0.09915858353372364
-0.09946306270365218
-0.0991495719130091
-0.09950171828249876
-0.09921132274930977
-0.09909739058212974
-0.09952286782234065
-0.09919883881617819
-0.09960602924695455
-0.09915774422520468
-0.09957829040692695
-0.09926408054823116
-0.0996586483176044
-0.09923196303598614
-0.09951752196280861
-0.09961238644342318
-0.09935616173951689
-0.09964080199870945
-0.09930032877469636
-0.09969095750156509
-0.09941380359506263
-0.0997034186663881
-0.09935678553595922
-0.09977154407863753
-0.09946470807029523
-0.09964465120487365
-0.09976192053570054
-0.09940700048537743
-0.09985659976593969
-0.09941641870482942
-0.09983369068480719
-0.09943560259727047
-0.09949486296544924
-0.09985757664754752
-0.0994610137645639
-0.09984226936057816
-0.09956349670047615
-0.09993810332442066
-0.09951181961342576
-0.09989731307384964
-0.09963097389734826
-0.09998893030813705
-0.0995946521223684
-0.09994937244156288
-0.09968235312967472
-0.1000667965495546
-0.09963286291278589
-0.09979205354638232
-0.1000322470989851
-0.09967438104754395
-0.1001078193498827
-0.09969035778613339
-0.1001099181991972
-0.09924350210684807
-0.09976114797229263
-0.1001312488534329
-0.09971722997145183
-0.1001141598946756
-0.09982803081948088
-0.1002088854515056
-0.09976984987659049
-0.1001695315078371
-0.09988907392605018
-0.09971427925131593
-0.1002614140895534
-0.09983211590020502
-0.10027053896148
-0.09981962641485526
-0.1003297724449588
-0.09988622582459167
-0.1003260116885779
-0.09989130593645024
-0.1003982081309212
-0.09994004040167459
-0.100341055334197
-0.1003111162111911
-0.0999372337987588
-0.100422922850504
-0.100049164659462
-0.1003691358572998
-0.09999048074635364
-0.1004766870696982
-0.1000981226350562
-0.1004701757538259
-0.1000376187738212
-0.1005309891702926
-0.1001557107786162
-0.09952689715770546
-0.1005284049633622
-0.1001368982065312
-0.1005327771964595
-0.100142768292584
-0.1005948717281104
-0.100218527856979
-0.1003616286817453
-0.1005972366201403
-0.1001706005131455
-0.100608412991762
-0.1002586488844356
-0.1006460491357882
-0.1002234764922795
-0.1006884220078946
-0.1003111628297165
-0.100708089982198
-0.09984876140198473
-0.1003054934012457
-0.1007183522493328
-0.100337543496031
-0.1007281584477716
-0.1003606225188166
-0.100783445610953
-0.1004167192256319
-0.1007782454377547
-0.1004159028042292
-0.1008481212241728
-0.1004953401126289
-0.100139980589832
-0.1008446953604941
-0.1004440652715176
-0.1008829241238182
-0.1005116664947048
-0.1008951230052988
-0.1004970582875109
-0.1006000626926404
-0.100894602802553
-0.1005495948312128
-0.1009391180644172
-0.1005537196426963
-0.1009436087709649
-0.100628943200298
-0.1010067583265518
-0.100606560405953
-0.1009931670998628
-0.1007074687707409
-0.1010736891750733
-0.1006597470980149
-0.1005894031364072
-0.1010888735610146
-0.10067712433179
-0.1011267344130951
-0.1007265604563659
-0.1011358299060555
-0.1007308307344812
-0.1010692480719664
-0.1011341955466727
-0.1008189713866681
-0.101137176471127
-0.1007864960826693
-0.1011818880785433
-0.1008989942804772
-0.1004797009217597
-0.1012204447240528
-0.1008115301057887
-0.1012446849497294
-0.1008643449465845
-0.1012891193201116
-0.1008633226351293
-0.1012919913733131
-0.1009446407204793
-0.1013566527079631
-0.1004899754691353
-0.1009449471071581
-0.1013257712279155
-0.1010173908536646
-0.1013279157591894
-0.1009973057486757
-0.1013755035899723
-0.101094299034294
-0.1012631564152127
-0.1014104347714904
-0.1010228148370194
-0.1014401052258915
-0.101057537959685
-0.1014777060295524
-0.1010748035303307
-0.1014889583302393
-0.1011352998716409
-0.1015442102308386
-0.1011271710050618
-0.1015383175180849
-0.1010423239867846
-0.101245435996918
-0.1015371572851791
-0.1011939151889012
-0.1015239661630794
-0.1012963241186425
-0.1015840372192698
-0.1012737354297658
-0.1015916650423781
-0.1013477738952694
-0.1016316546327776
-0.1013524636152242
-0.1010393642647607
-0.1016733075213145
-0.1013727062241264
-0.101694236162689
-0.1013177957834311
-0.1017408345930063
-0.1014241146142911
-0.1017412932592563
-0.1013970236970016
-0.1016588762111406
-0.1017125092696163
-0.1015049155991377
-0.1017758991845887
-0.1014674472103983
-0.1017786695323465
-0.1015567699841473
-0.1018252415309034
-0.1015434859850702
-0.1018041791019311
-0.1018599167418169
-0.1015659753068476
-0.1018825125165083
-0.1015318887993006
-0.1019229773607586
-0.101635690418334
-0.1019381081025869
-0.1010136227521832
-0.1016249753138238
-0.1019309382872939
-0.101701494214524
-0.1018994477824024
-0.1017049943269362
-0.1019768854593865
-0.1017540548984474
-0.1019642812777482
-0.1017840436438943
-0.1020235440872395
-0.1018069551699879
-0.1020283076183839
-0.1018622601403836
-0.1016813039192357
-0.1020868120434863
-0.1018334360071425
-0.1021056179656197
-0.1018292988802668
-0.1021324538523673
-0.1018860412107946
-0.1019705422780817
-0.1021319652766671
-0.101918043322808
-0.102115995279786
-0.101939717185789
-0.1021782523431793
-0.101996721532686
-0.1021825349469866
-0.1019904703632831
-0.1022252490028493
-0.102074367294487
-0.1022481504183786
-0.1020416803768739
-0.1022363650090998
-0.1023172629775427
-0.1020586131674638
-0.1022986455560422
-0.1020952084623036
-0.1022214791403417
-0.1023388946834413
-0.1021299902752627
-0.1022894827751439
-0.1021636371627518
-0.1023966435854338
-0.1021916197380575
-0.1023345499435002
-0.1022409168119375
-0.1017852384874782
-0.102459518606381
-0.1022170984241274
-0.1024123106851283
-0.102207746842589
-0.1025048191922099
-0.102268654280428
-0.1024769537532231
-0.1022857270495985
-0.1025508780598498
-0.1017078556972359
-0.1023236916425611
-0.1025227119421909
-0.102402472097198
-0.1024837456533669
-0.102376879199381
-0.102584311459188
-0.1024788847520639
-0.1025367291083673
-0.1024227785239125
-0.1025570058027405
-0.1026591251622147
-0.1024160608466212
-0.1026283095660593
-0.1024507632164809
-0.1027048604252315
-0.102493702250509
-0.1026944799377446
-0.1025006207492403
-0.1027513327894971
-0.1022804403332769
-0.1026098339488855
-0.1027413555732862
-0.1025543264000217
-0.1026850774089931
-0.1026659898880865
-0.1027728358426935
-0.1026591534459447
-0.1027294731451898
-0.1027185165269573
-0.1028349562152554
-0.1027375310694308
-0.1023922817759058
-0.102790617863096
-0.1027325965329734
-0.1028965437112965
-0.1026945985362881
-0.1028720219875689
-0.1025115984883218
-0.1028048246828242
-0.1029126841535396
-0.1027633330511714
-0.102869947268202
-0.1028753053161965
-0.1029449828641933
-0.1028497469672135
-0.1029157940672077
-0.1029276368176518
-0.1030064368780066
-0.1029261189069458
-0.102962166839594
-0.1029801714864617
-0.1030083073927184
-0.1030805950178049
-0.1028940389707806
-0.1030228669188657
-0.1029993901775039
-0.1031283306745535
-0.1024926516674078
-0.1029587398246067
-0.1030874618278322
-0.1030593426526273
-0.1030681775414345
-0.1030578562532117
-0.1031521864018231
-0.1031090874767319
-0.103113865174588
